spawn:
  world: spawn
  x: 0.33474476489449195
  y: 68.0
  z: 0.28369599776645604
  yaw: 125.412544
  pitch: -5.249992
