lastAccountName: Spiderplase05
timestamps:
  login: 1623454811641
  logout: 1623455694299
ipAddress: 192.168.0.8
money: '1320.0'
logoutlocation:
  world: Villa
  x: 3.2854221454831327
  y: 81.0
  z: 35.85547290063711
  yaw: -188.39899
  pitch: 3.1863532
lastlocation:
  world: world
  x: 267.70697383827354
  y: 52.0
  z: 1343.9678911023311
  yaw: -99.194305
  pitch: 25.042414
