lastAccountName: RTV2015
timestamps:
  login: 1615597936945
  logout: 1615599110139
ipAddress: 73.78.122.192
logoutlocation:
  world: world
  x: 19.652255674347963
  y: 63.0
  z: -18.697416527604613
  yaw: -167.7984
  pitch: 13.636574
money: '830.0'
