lastAccountName: Stanicks
timestamps:
  login: 1605021015605
  logout: 1605021068432
ipAddress: 127.0.0.1
logoutlocation:
  world: world
  x: 238.68672087756278
  y: 51.0
  z: 1318.2530755799824
  yaw: -116.00375
  pitch: 26.099958
