lastAccountName: prettyfreaky
timestamps:
  login: 1723930847101
  logout: 1723929119151
ipAddress: 127.148.185.212
logoutlocation:
  world: world
  x: -28.78628955530091
  y: 71.0
  z: 0.29300453348793354
  yaw: -95.81374
  pitch: 11.68153
money: '205.0'
lastlocation:
  world: polemus
  x: -87.24625959282335
  y: 88.0
  z: -33.588112607560774
  yaw: -91.073456
  pitch: 76.55843
