lastAccountName: prettyfreaky
timestamps:
  login: 1723928971601
  logout: 1723929119151
ipAddress: 127.148.185.212
logoutlocation:
  world: world
  x: -32.47482322473648
  y: 71.0
  z: 0.49185180054454447
  yaw: -89.88387
  pitch: 2.8524027
money: '205.0'
lastlocation:
  world: polemus
  x: -87.24625959282335
  y: 88.0
  z: -33.588112607560774
  yaw: -91.073456
  pitch: 76.55843
