lastAccountName: Mykei0
timestamps:
  login: 1623454799785
  logout: 1623455703236
ipAddress: 192.168.0.80
money: '45.0'
logoutlocation:
  world: world
  x: 17.453746732453748
  y: 63.0
  z: -2.985208654877414
  yaw: -70.73343
  pitch: 2.5635295
