lastAccountName: olionelchilling
timestamps:
  login: 1723928378701
  logout: 1723929119151
ipAddress: 127.79.244.213
money: '400.0'
lastlocation:
  world: orchestra
  x: 85.93386450601277
  y: -0.4756697209718461
  z: -41.43636904550168
  yaw: -347.74838
  pitch: -82.68325
logoutlocation:
  world: world
  x: -32.47482322473648
  y: 71.0
  z: 0.49185180054454447
  yaw: -89.88387
  pitch: 2.8524027
