lastAccountName: 2Good4U
timestamps:
  login: 1622932598351
  logout: 1622932588129
ipAddress: 192.168.0.80
logoutlocation:
  world: Skychurch
  x: 24.924895775142325
  y: 74.0
  z: -52.69999998807907
  yaw: 342.38916
  pitch: 90.0
money: '65.0'
