lastAccountName: Ms_Adian
timestamps:
  login: 1614109942280
  logout: 1614110266302
ipAddress: 99.196.187.53
logoutlocation:
  world: world
  x: 12.766636526629904
  y: 64.0
  z: -11.957710350185545
  yaw: -336.02908
  pitch: 21.891695
money: '325.0'
