lastAccountName: Nightwing_76
timestamps:
  login: 1622932600570
  logout: 1622932589155
ipAddress: 192.168.0.8
money: '530.0'
logoutlocation:
  world: world
  x: 3.8692354869090213
  y: 64.5
  z: -0.5217513186245226
  yaw: -98.730896
  pitch: 12.828598
