lastAccountName: shockvada
timestamps:
  login: 1610124133369
  logout: 1610124493201
ipAddress: 99.196.187.53
money: '10.0'
logoutlocation:
  world: world
  x: 236.00951300138405
  y: 51.0
  z: 1327.8643642362395
  yaw: 194.7951
  pitch: 29.999846
