lastAccountName: pixel_gamer_boy
timestamps:
  login: 1633818421805
  logout: 1633818424220
ipAddress: 127.0.0.1
logoutlocation:
  world: world
  x: 0.5701352035439278
  y: 65.0
  z: 0.5337684215245446
  yaw: -89.57925
  pitch: 4.764345
money: '6335.0'
lastlocation:
  world: Fossil
  x: -1.5787048443953406
  y: -66.85537376943314
  z: -0.7174214064554844
  yaw: 270.9007
  pitch: -90.0
