lastAccountName: Ra1z5623
timestamps:
  login: 1610323316374
  logout: 1610323650226
ipAddress: 72.223.55.25
logoutlocation:
  world: fruitcake
  x: 26.30000001192093
  y: 102.0
  z: -44.69999998807907
  yaw: 0.0
  pitch: 0.0
money: '5.0'
