lastAccountName: SharpSandd
timestamps:
  login: 1606175810747
  logout: 1606175930149
ipAddress: 127.0.0.1
money: '10.0'
logoutlocation:
  world: world
  x: 232.88653812335966
  y: 52.0
  z: 1339.6532807200476
  yaw: -154.70366
  pitch: 12.449956
