lastAccountName: MacMorgan
timestamps:
  login: 1612912631832
  logout: 1612914820782
ipAddress: 73.24.157.148
money: '40.0'
logoutlocation:
  world: world
  x: -18.875961258717965
  y: -37.52044767142061
  z: -30.298654180228205
  yaw: -354.32947
  pitch: -10.350046
