lastAccountName: CreeperSteve123
timestamps:
  login: 1608331612542
  logout: 1608332952773
ipAddress: 127.0.0.1
money: '290.0'
logoutlocation:
  world: world
  x: 242.98233810538505
  y: 52.0
  z: 1344.178777988577
  yaw: 81.24636
  pitch: 30.749962
