lastAccountName: Bxrl
timestamps:
  login: 1723260521357
  logout: 1723184123149
ipAddress: 127.151.39.98
logoutlocation:
  world: world
  x: -32.47482322473648
  y: 71.0
  z: 0.49185180054454447
  yaw: -89.88387
  pitch: 2.8524027
money: '145.0'
lastlocation:
  world: lotus
  x: -60.26807492633098
  y: -1.6346555913079777
  z: -40.88449513290351
  yaw: -301.08295
  pitch: 10.199982
