lastAccountName: Bxrl
timestamps:
  login: 1723263001938
  logout: 1723262991187
  lastteleport: 1723263078238
ipAddress: 127.103.80.231
logoutlocation:
  world: world
  x: -32.47482322473648
  y: 71.0
  z: 0.49185180054454447
  yaw: -89.88387
  pitch: 2.8524027
money: '335.0'
lastlocation:
  world: lotus
  x: -72.69999998807907
  y: 67.16610926093821
  z: 33.41861202347329
  yaw: 275.95847
  pitch: 86.47482
