lastAccountName: Bxrl
timestamps:
  login: 1723263001938
  logout: 1723262991187
  lastteleport: 1723263059789
ipAddress: 127.103.80.231
logoutlocation:
  world: world
  x: -32.47482322473648
  y: 71.0
  z: 0.49185180054454447
  yaw: -89.88387
  pitch: 2.8524027
money: '335.0'
lastlocation:
  world: lotus
  x: -72.8344851518245
  y: 66.0
  z: -31.914662725818562
  yaw: 343.7662
  pitch: 21.456135
