lastAccountName: Bxrl
timestamps:
  login: 1723263001938
  logout: 1723262991187
  lastteleport: 1723263104488
ipAddress: 127.103.80.231
logoutlocation:
  world: world
  x: -32.47482322473648
  y: 71.0
  z: 0.49185180054454447
  yaw: -89.88387
  pitch: 2.8524027
money: '420.0'
lastlocation:
  world: bio-hazard
  x: -86.65188180830555
  y: 65.0
  z: -28.724542739085855
  yaw: -52.12573
  pitch: 62.40002
