lastAccountName: Bxrl
timestamps:
  login: 1723263001938
  logout: 1723262991187
  lastteleport: 1723263743738
ipAddress: 127.103.80.231
logoutlocation:
  world: world
  x: -32.47482322473648
  y: 71.0
  z: 0.49185180054454447
  yaw: -89.88387
  pitch: 2.8524027
money: '460.0'
lastlocation:
  world: bio-hazard
  x: -99.24561012770744
  y: 65.0
  z: -31.044551363541352
  yaw: -199.87537
  pitch: -0.75001925
