lastAccountName: Bxrl
timestamps:
  login: 1723263001938
  logout: 1723262991187
  lastteleport: 1723263104488
ipAddress: 127.103.80.231
logoutlocation:
  world: world
  x: -32.47482322473648
  y: 71.0
  z: 0.49185180054454447
  yaw: -89.88387
  pitch: 2.8524027
money: '405.0'
lastlocation:
  world: lotus
  x: -69.1100748738633
  y: -0.4803609575715426
  z: 36.699999988079085
  yaw: -233.32593
  pitch: -20.099953
