lastAccountName: Bxrl
timestamps:
  login: 1723263001938
  logout: 1723262991187
  lastteleport: 1723263104488
ipAddress: 127.103.80.231
logoutlocation:
  world: world
  x: -32.47482322473648
  y: 71.0
  z: 0.49185180054454447
  yaw: -89.88387
  pitch: 2.8524027
money: '360.0'
lastlocation:
  world: lotus
  x: -79.67435149443729
  y: 66.0
  z: -34.022327047563145
  yaw: -75.333824
  pitch: 20.706139
