lastAccountName: Bxrl
timestamps:
  login: 1723260521357
  logout: 1723184123149
ipAddress: 127.151.39.98
logoutlocation:
  world: world
  x: -32.47482322473648
  y: 71.0
  z: 0.49185180054454447
  yaw: -89.88387
  pitch: 2.8524027
money: '205.0'
lastlocation:
  world: bio-hazard
  x: -64.83661081184397
  y: -1.8697332576404015
  z: -28.71803630598176
  yaw: -198.07202
  pitch: -31.05
