lastAccountName: Bxrl
timestamps:
  login: 1723262807390
  logout: 1723262801188
ipAddress: 127.103.80.231
logoutlocation:
  world: world
  x: -32.47482322473648
  y: 71.0
  z: 0.49185180054454447
  yaw: -89.88387
  pitch: 2.8524027
money: '305.0'
lastlocation:
  world: lions_temple
  x: -3.539165612543325
  y: 96.04293147333972
  z: -95.71263381420303
  yaw: -342.4931
  pitch: 16.456654
