lastAccountName: Bxrl
timestamps:
  login: 1723264675187
  logout: 1723264837286
  lastteleport: 1723263743738
ipAddress: 127.103.80.231
logoutlocation:
  world: world
  x: -23.08296521168853
  y: 70.0
  z: 0.13615522994287843
  yaw: -134.25827
  pitch: 27.079298
money: '460.0'
lastlocation:
  world: bio-hazard
  x: -99.24561012770744
  y: 65.0
  z: -31.044551363541352
  yaw: -199.87537
  pitch: -0.75001925
