lastAccountName: Bxrl
timestamps:
  login: 1723260521357
  logout: 1723184123149
ipAddress: 127.151.39.98
logoutlocation:
  world: world
  x: -32.47482322473648
  y: 71.0
  z: 0.49185180054454447
  yaw: -89.88387
  pitch: 2.8524027
money: '190.0'
lastlocation:
  world: lotus
  x: -25.199541294897106
  y: -1.5304497230366727
  z: -25.593126721528026
  yaw: -172.56786
  pitch: -52.049995
