lastAccountName: _Sharplex_
timestamps:
  login: 1611793549099
  logout: 1611794059756
ipAddress: 107.2.23.8
money: '575.0'
logoutlocation:
  world: Jinzhu
  x: 75.69999998807907
  y: 44.0
  z: -3.300000011920929
  yaw: -2.5877182
  pitch: 21.95384
lastlocation:
  world: Plateau
  x: -24.264194427695475
  y: 66.10030959043858
  z: 7.959848903075915
  yaw: 98.04968
  pitch: 20.882977
