lastAccountName: CrazyGamer_X
timestamps:
  login: 1607187268679
  logout: 1607187297558
ipAddress: 127.0.0.1
logoutlocation:
  world: world
  x: 231.86030190929293
  y: 51.0
  z: 1320.3074239019238
  yaw: 224.80699
  pitch: 9.573742
money: '255.0'
