lastAccountName: Ska_Ninja
timestamps:
  login: 1622932612695
  logout: 1622932588549
ipAddress: 192.168.0.12
money: '255.0'
logoutlocation:
  world: world
  x: 11.611040560612263
  y: 63.0
  z: 0.9409906019044976
  yaw: -89.57925
  pitch: 0.8917029
