lastAccountName: Wholesome_Frog
timestamps:
  login: 1611941108463
  logout: 1611941175376
ipAddress: 67.1.223.3
logoutlocation:
  world: Jinzhu
  x: 75.5
  y: 44.0
  z: -3.5
  yaw: 15.079024
  pitch: 15.961247
