lastAccountName: Maniaxe
timestamps:
  login: 1622666583924
  logout: 1622669087663
ipAddress: 169.254.255.212
logoutlocation:
  world: world
  x: 5.93942771230278
  y: 63.5
  z: -1.2099658424966255
  yaw: 76.442345
  pitch: 5.0289
money: '1025.0'
lastlocation:
  world: Crumble
  x: 0.31170220995978987
  y: 40.7074891218806
  z: 0.7227111299537378
  yaw: 4.671273
  pitch: 11.477373
