lastAccountName: Technoblade
timestamps:
  login: 1606753225126
  logout: 1606753248479
ipAddress: 127.0.0.1
logoutlocation:
  world: world
  x: 241.60316092067646
  y: 51.0
  z: 1329.1375703255749
  yaw: 173.86325
  pitch: 4.5821443
