lastAccountName: Spiderplase
timestamps:
  login: 1649893213480
  logout: 1649897057749
ipAddress: 73.24.161.94
logoutlocation:
  world: world
  x: 0.5701352035439278
  y: 65.0
  z: 0.5337684215245446
  yaw: -89.27081
  pitch: 0.58327013
money: '2535.0'
lastlocation:
  world: Senti
  x: -11.223278604674004
  y: -64.03276414123471
  z: -35.65059140075711
  yaw: 334.03296
  pitch: -82.927986
