lastAccountName: Raspyvoice
timestamps:
  login: 1649893311656
  logout: 1649894273779
ipAddress: 107.2.40.146
money: '675.0'
logoutlocation:
  world: Clearing
  x: 7.300000011920929
  y: 52.0
  z: -0.5371673552599792
  yaw: 97.01623
  pitch: 13.518457
