lastAccountName: billdims
timestamps:
  login: 1723929049602
  logout: 1723929074152
ipAddress: 127.102.175.231
money: '125.0'
lastlocation:
  world: orchestra
  x: 30.49003805055058
  y: 82.41999998688698
  z: -79.69599596776739
  yaw: -176.16412
  pitch: -9.316098
logoutlocation:
  world: world
  x: -1.6879256565411183
  y: 67.0
  z: 0.12772511025505262
  yaw: 76.85974
  pitch: 6.5652905
