lastAccountName: Raiz5623
timestamps:
  login: 1613005588588
  logout: 1613005623177
ipAddress: 72.223.55.25
logoutlocation:
  world: world
  x: 13.729916556050018
  y: 64.0
  z: -13.19268723873629
  yaw: -18.920776
  pitch: 28.491337
