lastAccountName: Wh0les0mePenguin
timestamps:
  login: 1614109978666
  logout: 1614110206728
ipAddress: 67.1.149.131
money: '125.0'
logoutlocation:
  world: world
  x: 0.5701352035439278
  y: 65.0
  z: 0.5337684215245446
  yaw: -89.57925
  pitch: 0.8917029
