lastAccountName: libdeflate
timestamps:
  login: 1723653345589
  logout: 1723653378889
ipAddress: 127.136.242.129
lastlocation:
  world: hollow
  x: -68.29908520978643
  y: -428.7508129212553
  z: -16.939100916774166
  yaw: 267.3275
  pitch: 88.21776
money: '155.0'
logoutlocation:
  world: world
  x: -28.300781606016383
  y: 70.5
  z: 0.05633492892395159
  yaw: -97.191124
  pitch: 16.932213
