lastAccountName: libdeflate
timestamps:
  login: 1723651941352
ipAddress: 127.136.242.129
lastlocation:
  world: orchestra
  x: -81.2042355800269
  y: -1.1143517124215583
  z: -10.655064869998215
  yaw: 53.275585
  pitch: -15.68766
