lastAccountName: libdeflate
timestamps:
  login: 1723652815960
  logout: 1723653208627
ipAddress: 127.136.242.129
money: '5.0'
logoutlocation:
  world: world
  x: -0.699999988079071
  y: 63.0
  z: -10.841811334919363
  yaw: 83.86466
  pitch: 32.254887
