lastAccountName: Starman567
timestamps:
  login: 1614294431845
  logout: 1614295450272
ipAddress: 69.137.181.103
logoutlocation:
  world: world
  x: -0.520664574991963
  y: 65.0
  z: 0.5454871766468188
  yaw: -93.47926
  pitch: 1.4917028
money: '1050.0'
