lastAccountName: klir
timestamps:
  login: 1723928119786
  logout: 1723928117070
ipAddress: 127.177.251.239
money: '160.0'
logoutlocation:
  world: Plateau
  x: 1.1075365369973846
  y: 62.5
  z: -28.26634325910662
  yaw: 12.926575
  pitch: 5.51531
