lastAccountName: klir
timestamps:
  login: 1723928119786
  logout: 1723928370900
ipAddress: 127.177.251.239
money: '165.0'
logoutlocation:
  world: world
  x: 25.095697905168024
  y: 63.0
  z: -8.426131172640002
  yaw: 11.442222
  pitch: 5.5622973
