lastAccountName: klir
timestamps:
  login: 1723929025352
  logout: 1723929069152
ipAddress: 127.177.251.239
money: '70.0'
lastlocation:
  world: orchestra
  x: -86.45882054705402
  y: 82.15310793487474
  z: 32.102535768588105
  yaw: 199.51965
  pitch: 15.995749
logoutlocation:
  world: world
  x: -10.475693997377256
  y: 67.0
  z: 6.627235783312672
  yaw: -56.948242
  pitch: -7.817473
