lastAccountName: klir
timestamps:
  login: 1723929025352
  logout: 1723929019152
ipAddress: 127.177.251.239
money: '70.0'
lastlocation:
  world: orchestra
  x: -86.45882054705402
  y: 82.15310793487474
  z: 32.102535768588105
  yaw: 199.51965
  pitch: 15.995749
logoutlocation:
  world: world
  x: -3.4739638451721375
  y: 67.0
  z: -12.416660194598876
  yaw: -93.14681
  pitch: 23.105057
