lastAccountName: odragclicker
timestamps:
  login: 1724742333022
  logout: 1724742330601
ipAddress: 127.89.212.248
lastlocation:
  world: Sentiel
  x: 7.983009212974782
  y: 36.0
  z: 55.09019301806733
  yaw: -185.7743
  pitch: 48.708008
money: '120.0'
logoutlocation:
  world: Onionring
  x: -0.699999988079071
  y: 98.0
  z: -33.69999998807907
  yaw: 282.44995
  pitch: 75.29999
