lastAccountName: odragclicker
timestamps:
  login: 1724745705341
  logout: 1724745706924
  lastteleport: 1724743032372
ipAddress: 127.89.212.248
lastlocation:
  world: Fossil
  x: -10.681043907796468
  y: 81.0
  z: 2.3646507307386044
  yaw: 224.0
  pitch: 69.29999
money: '125.0'
logoutlocation:
  world: world
  x: 0.5701352035439278
  y: 65.0
  z: 0.5337684215245446
  yaw: -89.57925
  pitch: 0.8917029
