lastAccountName: odragclicker
timestamps:
  login: 1724742674934
  logout: 1724742330601
  lastteleport: 1724743032372
ipAddress: 127.89.212.248
lastlocation:
  world: Fossil
  x: -10.681043907796468
  y: 81.0
  z: 2.3646507307386044
  yaw: 224.0
  pitch: 69.29999
money: '120.0'
logoutlocation:
  world: Onionring
  x: -0.699999988079071
  y: 98.0
  z: -33.69999998807907
  yaw: 282.44995
  pitch: 75.29999
