lastAccountName: odragclicker
timestamps:
  login: 1724742674934
  logout: 1724743167909
  lastteleport: 1724743032372
ipAddress: 127.89.212.248
lastlocation:
  world: Fossil
  x: -10.681043907796468
  y: 81.0
  z: 2.3646507307386044
  yaw: 224.0
  pitch: 69.29999
money: '125.0'
logoutlocation:
  world: Fossil
  x: -8.670628496607224
  y: 47.0
  z: -1.6999999880790728
  yaw: -223.36115
  pitch: 76.05
