lastAccountName: odragclicker
timestamps:
  login: 1723506405723
  logout: 1723506408373
ipAddress: 127.228.66.162
logoutlocation:
  world: world
  x: -32.47482322473648
  y: 71.0
  z: 0.49185180054454447
  yaw: -89.88387
  pitch: 2.8524027
