lastAccountName: odragclicker
timestamps:
  login: 1724745159424
  logout: 1724745164000
  lastteleport: 1724743032372
ipAddress: 127.89.212.248
lastlocation:
  world: Fossil
  x: -10.681043907796468
  y: 81.0
  z: 2.3646507307386044
  yaw: 224.0
  pitch: 69.29999
money: '125.0'
logoutlocation:
  world: world
  x: 20.515770798832413
  y: 63.0
  z: -3.7015445653582235
  yaw: -110.27925
  pitch: 7.7917027
