lastAccountName: odragclicker
timestamps:
  login: 1723601813677
  logout: 1723506427992
ipAddress: 127.229.233.167
lastlocation:
  world: Sentiel
  x: 7.983009212974782
  y: 36.0
  z: 55.09019301806733
  yaw: -185.7743
  pitch: 48.708008
money: '10.0'
logoutlocation:
  world: world
  x: 28.683937450151575
  y: 64.24918707874468
  z: -13.246532259250614
  yaw: -148.67924
  pitch: 31.7917
