lastAccountName: odragclicker
timestamps:
  login: 1724741880114
  logout: 1724741872688
ipAddress: 127.89.212.248
lastlocation:
  world: Sentiel
  x: 7.983009212974782
  y: 36.0
  z: 55.09019301806733
  yaw: -185.7743
  pitch: 48.708008
money: '120.0'
logoutlocation:
  world: world
  x: 20.369949497800846
  y: 63.0
  z: -10.491352971506956
  yaw: 180.42067
  pitch: 24.299982
