lastAccountName: odragclicker
timestamps:
  login: 1723440100115
  logout: 1723441749327
ipAddress: 127.203.50.114
lastlocation:
  world: Sentiel
  x: 7.983009212974782
  y: 36.0
  z: 55.09019301806733
  yaw: -185.7743
  pitch: 48.708008
money: '10.0'
logoutlocation:
  world: world
  x: 0.5701352035439278
  y: 65.0
  z: 0.5337684215245446
  yaw: -89.57925
  pitch: 0.8917029
