lastAccountName: odragclicker
timestamps:
  login: 1724742285012
  logout: 1724742281201
ipAddress: 127.89.212.248
lastlocation:
  world: Sentiel
  x: 7.983009212974782
  y: 36.0
  z: 55.09019301806733
  yaw: -185.7743
  pitch: 48.708008
money: '120.0'
logoutlocation:
  world: world
  x: 22.633393309051467
  y: 63.0
  z: 13.97216543859364
  yaw: 1.9987183
  pitch: 23.849993
