lastAccountName: odragclicker
timestamps:
  login: 1723601813677
  logout: 1723601816361
ipAddress: 127.229.233.167
lastlocation:
  world: Sentiel
  x: 7.983009212974782
  y: 36.0
  z: 55.09019301806733
  yaw: -185.7743
  pitch: 48.708008
money: '10.0'
logoutlocation:
  world: world
  x: 4.6270240175340245
  y: 64.0
  z: 0.5448080483382711
  yaw: -89.57925
  pitch: 0.8917029
