lastAccountName: booghammer
timestamps:
  login: 1605227855506
  logout: 1605227844163
ipAddress: 127.0.0.1
logoutlocation:
  world: world
  x: 242.98233810538505
  y: 52.0
  z: 1344.178777988577
  yaw: 180.69635
  pitch: -1.6500391
