lastAccountName: gamerpro4731234
timestamps:
  login: 1609398617316
  logout: 1609398634327
ipAddress: 192.168.0.72
money: '5.0'
logoutlocation:
  world: world
  x: 243.00743959730454
  y: 52.0
  z: 1338.990229376368
  yaw: 180.69635
  pitch: -1.6500391
