lastAccountName: Amplitudes
timestamps:
  login: 1723929063552
  logout: 1723929056653
ipAddress: 127.155.213.47
money: '275.0'
lastlocation:
  world: polemus
  x: -71.24330216759695
  y: 98.32428419037767
  z: -31.323737466704518
  yaw: 1.7260963
  pitch: 4.749375
logoutlocation:
  world: world
  x: -32.47482322473648
  y: 71.0
  z: 0.49185180054454447
  yaw: -89.88387
  pitch: 2.8524027
