lastAccountName: Amplitudes
timestamps:
  login: 1723929126551
  logout: 1723929121651
ipAddress: 127.155.213.47
money: '305.0'
lastlocation:
  world: polemus
  x: -71.24330216759695
  y: 98.32428419037767
  z: -31.323737466704518
  yaw: 1.7260963
  pitch: 4.749375
logoutlocation:
  world: world
  x: -32.245090191094896
  y: 71.0
  z: 0.492199062851149
  yaw: -89.88387
  pitch: 2.8524027
