lastAccountName: Amplitudes
timestamps:
  login: 1723927728451
  logout: 1723928364390
ipAddress: 127.155.213.47
logoutlocation:
  world: world
  x: 22.359594039768286
  y: 63.0
  z: 0.700604020904963
  yaw: -130.22975
  pitch: 9.182227
money: '80.0'
