lastAccountName: Amplitudes
timestamps:
  login: 1723929126551
  logout: 1723929171651
ipAddress: 127.155.213.47
money: '305.0'
lastlocation:
  world: polemus
  x: -71.24330216759695
  y: 98.32428419037767
  z: -31.323737466704518
  yaw: 1.7260963
  pitch: 4.749375
logoutlocation:
  world: world
  x: 26.690913893535964
  y: 70.0
  z: 4.699999988079068
  yaw: -13.418343
  pitch: 23.219389
