lastAccountName: TJMcStuffins
timestamps:
  login: 1612907514162
  logout: 1612908061827
ipAddress: 69.137.181.103
money: '80.0'
logoutlocation:
  world: world
  x: 3.3443646909137863
  y: 66.0
  z: -5.313710679276015
  yaw: -148.0791
  pitch: 20.700005
