lastAccountName: kons0las
timestamps:
  login: 1723258682007
  logout: 1723258684857
ipAddress: 127.30.38.147
logoutlocation:
  world: world
  x: -26.040431977045458
  y: 70.0
  z: 0.7887570152945118
  yaw: -99.78882
  pitch: 5.7028017
money: '290.0'
lastlocation:
  world: jurassic
  x: 9.99874724448399
  y: -0.3772773672784999
  z: -46.97124996395587
  yaw: -150.35161
  pitch: 49.908787
