lastAccountName: kons0las
timestamps:
  login: 1723247228404
  logout: 1723247795001
ipAddress: 127.30.38.147
logoutlocation:
  world: world
  x: 15.602655582013107
  y: 63.0
  z: -7.346794007799134
  yaw: -121.51855
  pitch: 4.4382515
lastlocation:
  world: Mini9E
  x: 3.573001113012795
  y: -66.43742639679434
  z: -40.18174527409739
  yaw: 13.895696
  pitch: 32.637074
money: '5.0'
afk: false
