lastAccountName: kons0las
timestamps:
  login: 1723231119138
  logout: 1723231161988
ipAddress: 127.30.38.147
logoutlocation:
  world: world
  x: -29.39598642256812
  y: 71.0
  z: 0.4950628486160791
  yaw: -90.38268
  pitch: 2.7811427
