lastAccountName: kons0las
timestamps:
  login: 1723235996192
  logout: 1723236006592
ipAddress: 127.30.38.147
logoutlocation:
  world: world
  x: -26.701774944023192
  y: 70.5
  z: 0.49588834424256545
  yaw: -89.45632
  pitch: 0.64334387
