lastAccountName: kons0las
timestamps:
  login: 1724017556206
  logout: 1724017910506
ipAddress: 127.30.38.147
logoutlocation:
  world: world
  x: -30.034251639937118
  y: 71.0
  z: -2.2240506165707816
  yaw: 118.991806
  pitch: 11.187999
money: '325.0'
lastlocation:
  world: orchestra
  x: -86.69999998807907
  y: 81.30421341792974
  z: 39.69999998807907
  yaw: 182.91821
  pitch: 25.412792
