lastAccountName: kons0las
timestamps:
  login: 1723602013737
  logout: 1723602051887
ipAddress: 127.30.38.147
logoutlocation:
  world: world
  x: -9.628452413274417
  y: 69.5
  z: 24.987674260246607
  yaw: -102.10373
  pitch: 16.93392
money: '290.0'
lastlocation:
  world: jurassic
  x: 9.99874724448399
  y: -0.3772773672784999
  z: -46.97124996395587
  yaw: -150.35161
  pitch: 49.908787
