lastAccountName: kons0las
timestamps:
  login: 1724018518507
  logout: 1724018521346
ipAddress: 127.30.38.147
money: '75.0'
logoutlocation:
  world: world
  x: 4.89720125784584
  y: 64.0
  z: 0.545150195450222
  yaw: -89.90295
  pitch: 2.1056256
