lastAccountName: kons0las
timestamps:
  login: 1724390176869
  logout: 1724390193766
ipAddress: 127.221.247.197
logoutlocation:
  world: world
  x: -32.47482322473648
  y: 71.0
  z: 0.49185180054454447
  yaw: -89.88387
  pitch: 2.8524027
money: '325.0'
lastlocation:
  world: orchestra
  x: -86.69999998807907
  y: 81.30421341792974
  z: 39.69999998807907
  yaw: 182.91821
  pitch: 25.412792
