lastAccountName: kons0las
timestamps:
  login: 1723364229095
  logout: 1723364231474
ipAddress: 127.30.38.147
logoutlocation:
  world: world
  x: -21.131250152569443
  y: 69.5
  z: -2.1713884348573256
  yaw: 270.92935
  pitch: 10.760255
money: '290.0'
lastlocation:
  world: jurassic
  x: 9.99874724448399
  y: -0.3772773672784999
  z: -46.97124996395587
  yaw: -150.35161
  pitch: 49.908787
