lastAccountName: kons0las
timestamps:
  login: 1723247799117
  logout: 1723246536616
ipAddress: 127.30.38.147
logoutlocation:
  world: world
  x: -29.848062782936893
  y: 71.0
  z: -1.2236795798635636
  yaw: -68.93338
  pitch: 28.363445
money: '5.0'
