lastAccountName: kons0las
timestamps:
  login: 1724017556206
  logout: 1723602051887
ipAddress: 127.30.38.147
logoutlocation:
  world: world
  x: -9.628452413274417
  y: 69.5
  z: 24.987674260246607
  yaw: -102.10373
  pitch: 16.93392
money: '290.0'
lastlocation:
  world: orchestra
  x: -97.69999998807907
  y: 81.65310793487474
  z: 31.69999998807907
  yaw: 269.99747
  pitch: 0.4059471
