lastAccountName: kons0las
timestamps:
  login: 1723258164507
  logout: 1723250937358
ipAddress: 127.30.38.147
logoutlocation:
  world: world
  x: -17.46083217160998
  y: 68.0
  z: 4.479176665436471
  yaw: -76.62943
  pitch: -14.678229
money: '290.0'
lastlocation:
  world: jurassic
  x: 9.99874724448399
  y: -0.3772773672784999
  z: -46.97124996395587
  yaw: -150.35161
  pitch: 49.908787
