lastAccountName: kons0las
timestamps:
  login: 1723250797472
  logout: 1723250803176
ipAddress: 127.30.38.147
logoutlocation:
  world: world
  x: 22.217378400148068
  y: 63.0
  z: -8.466157146808296
  yaw: -118.02688
  pitch: 5.150851
lastlocation:
  world: Mini9E
  x: 3.573001113012795
  y: -66.43742639679434
  z: -40.18174527409739
  yaw: 13.895696
  pitch: 32.637074
money: '5.0'
afk: false
