lastAccountName: kons0las
timestamps:
  login: 1723247799117
  logout: 1723246536616
ipAddress: 127.30.38.147
logoutlocation:
  world: world
  x: -29.848062782936893
  y: 71.0
  z: -1.2236795798635636
  yaw: -68.93338
  pitch: 28.363445
money: '200.0'
lastlocation:
  world: jurassic
  x: 9.99874724448399
  y: -0.3772773672784999
  z: -46.97124996395587
  yaw: -150.35161
  pitch: 49.908787
