lastAccountName: kons0las
timestamps:
  login: 1723247228404
  logout: 1723247224453
ipAddress: 127.30.38.147
logoutlocation:
  world: world
  x: 13.695854890056
  y: 63.0
  z: -5.234049849252601
  yaw: -119.02441
  pitch: 11.207952
lastlocation:
  world: Mini9E
  x: 3.573001113012795
  y: -66.43742639679434
  z: -40.18174527409739
  yaw: 13.895696
  pitch: 32.637074
money: '5.0'
