lastAccountName: kons0las
timestamps:
  login: 1723601344572
  logout: 1723601628261
ipAddress: 127.30.38.147
money: '75.0'
logoutlocation:
  world: world
  x: 0.5701352035439278
  y: 65.0
  z: 0.5337684215245446
  yaw: -25.484148
  pitch: -8.576892
