lastAccountName: kons0las
timestamps:
  login: 1723601344572
  logout: 1723521832474
ipAddress: 127.30.38.147
money: '70.0'
logoutlocation:
  world: world
  x: 38.1875415180216
  y: 63.0
  z: 27.780665674707997
  yaw: 29.952494
  pitch: 86.02731
