lastAccountName: kons0las
timestamps:
  login: 1723231650788
  logout: 1723231694488
ipAddress: 127.30.38.147
logoutlocation:
  world: world
  x: -32.47482322473648
  y: 71.0
  z: 0.49185180054454447
  yaw: -32.448345
  pitch: 13.683914
