lastAccountName: Vector_shark
timestamps:
  login: 1605021106396
  logout: 1605021167590
ipAddress: 127.0.0.1
logoutlocation:
  world: world
  x: 248.45035418098396
  y: 52.0
  z: 1317.6265978743254
  yaw: -3.357409
  pitch: 24.931717
