lastAccountName: xNotJames
timestamps:
  login: 1723617421731
  logout: 1723617423508
ipAddress: 127.41.252.89
logoutlocation:
  world: world
  x: 1.5394783094561764
  y: 65.0
  z: 0.6593935435485092
  yaw: -82.57419
  pitch: 1.8924229
money: '12884902497.0'
lastlocation:
  world: Sanctuary
  x: -9.41287328095431
  y: 66.5
  z: -50.81094115979525
  yaw: -33.524357
  pitch: 8.190783
