lastAccountName: xNotJames
timestamps:
  login: 1723626611528
  logout: 1723626628303
  lastteleport: 1723177276767
ipAddress: 127.41.252.89
money: '1625.0'
lastlocation:
  world: pernicious
  x: -75.11466309300967
  y: 68.0
  z: -33.501453778226164
  yaw: 239.48413
  pitch: 90.0
logoutlocation:
  world: world
  x: 5.130978846873675
  y: 67.0
  z: 0.17946436271236244
  yaw: -89.88387
  pitch: 5.7294307
godmode: false
