lastAccountName: xNotJames
timestamps:
  login: 1723613137632
  logout: 1723613134323
ipAddress: 127.41.252.89
logoutlocation:
  world: world
  x: 14.208635174682582
  y: 63.0
  z: 1.0952357010180074
  yaw: -89.32909
  pitch: 11.399263
money: '12884902317.0'
lastlocation:
  world: Sentiel
  x: 14.703125677998933
  y: -88.87662416559806
  z: 19.546631790944375
  yaw: -4.7533264
  pitch: -55.854946
