lastAccountName: xNotJames
timestamps:
  login: 1723615974041
  logout: 1723616097129
ipAddress: 127.41.252.89
logoutlocation:
  world: DessertedIslands
  x: 0.6999999880790713
  y: 39.0
  z: -59.68847317178734
  yaw: -264.44043
  pitch: 73.552986
money: '12884902497.0'
lastlocation:
  world: Sanctuary
  x: -9.41287328095431
  y: 66.5
  z: -50.81094115979525
  yaw: -33.524357
  pitch: 8.190783
