lastAccountName: xNotJames
timestamps:
  login: 1723611836415
  logout: 1723611857999
ipAddress: 127.41.252.89
logoutlocation:
  world: world
  x: -11.854230964253716
  y: 69.10408037809304
  z: -4.3382120423607216
  yaw: 93.80279
  pitch: 27.41079
money: '435.0'
lastlocation:
  world: Sentiel
  x: 14.703125677998933
  y: -88.87662416559806
  z: 19.546631790944375
  yaw: -4.7533264
  pitch: -55.854946
