lastAccountName: xNotJames
timestamps:
  login: 1723652091067
  logout: 1723652078816
  lastteleport: 1723177276767
ipAddress: 127.41.252.89
money: '1630.0'
lastlocation:
  world: pernicious
  x: -75.11466309300967
  y: 68.0
  z: -33.501453778226164
  yaw: 239.48413
  pitch: 90.0
logoutlocation:
  world: world
  x: -3.730465048911279
  y: 67.0
  z: -7.620998478237324
  yaw: -111.649605
  pitch: 5.854561
godmode: false
