lastAccountName: xNotJames
timestamps:
  login: 1723653351889
  logout: 1723653383889
  lastteleport: 1723177276767
ipAddress: 127.41.252.89
money: '1790.0'
lastlocation:
  world: hollow
  x: -30.867147902142367
  y: -433.0
  z: -65.1455021405711
  yaw: 27.130753
  pitch: 12.449963
logoutlocation:
  world: world
  x: -29.258217987374998
  y: 71.0
  z: 2.2441970870066945
  yaw: -105.895424
  pitch: 20.365007
godmode: false
