lastAccountName: xNotJames
timestamps:
  login: 1723653673162
  logout: 1723653677147
ipAddress: 127.41.252.89
logoutlocation:
  world: world
  x: 6.496456786534936
  y: 63.0
  z: 0.5279426166579271
  yaw: -90.329796
  pitch: 4.6444035
money: '12884902557.0'
lastlocation:
  world: Sanctuary
  x: -9.41287328095431
  y: 66.5
  z: -50.81094115979525
  yaw: -33.524357
  pitch: 8.190783
