lastAccountName: xNotJames
timestamps:
  login: 1723283742383
  logout: 1723283788741
ipAddress: 127.254.212.77
lastlocation:
  world: Mini81Q
  x: -20.03067913878303
  y: -65.60593771931667
  z: 32.781637299653056
  yaw: 218.1731
  pitch: 84.496025
money: '360.0'
logoutlocation:
  world: world
  x: -2.3294743401990625
  y: 84.21669182818474
  z: -0.4102901340396462
  yaw: -231.94489
  pitch: 40.01867
