lastAccountName: xNotJames
timestamps:
  login: 1723613137632
  logout: 1723613134323
ipAddress: 127.41.252.89
logoutlocation:
  world: world
  x: 14.208635174682582
  y: 63.0
  z: 1.0952357010180074
  yaw: -89.32909
  pitch: 11.399263
money: '12884902382.0'
lastlocation:
  world: Sanctuary
  x: -9.41287328095431
  y: 66.5
  z: -50.81094115979525
  yaw: -33.524357
  pitch: 8.190783
