lastAccountName: xNotJames
timestamps:
  login: 1723612030818
  logout: 1723612866642
ipAddress: 127.41.252.89
logoutlocation:
  world: world
  x: 22.417960164311253
  y: 65.0
  z: -28.830110918591213
  yaw: -181.91223
  pitch: -19.62315
money: '12884902317.0'
lastlocation:
  world: Sentiel
  x: 14.703125677998933
  y: -88.87662416559806
  z: 19.546631790944375
  yaw: -4.7533264
  pitch: -55.854946
