lastAccountName: xNotJames
timestamps:
  login: 1723652681866
  logout: 1723652778816
  lastteleport: 1723177276767
ipAddress: 127.41.252.89
money: '1790.0'
lastlocation:
  world: hollow
  x: -30.867147902142367
  y: -433.0
  z: -65.1455021405711
  yaw: 27.130753
  pitch: 12.449963
logoutlocation:
  world: world
  x: -25.40199771411643
  y: 70.0
  z: 0.631610919210587
  yaw: -88.38278
  pitch: 12.10907
godmode: false
