lastAccountName: xNotJames
timestamps:
  login: 1723343974345
  logout: 1723343980069
  lastteleport: 1723177276767
ipAddress: 127.254.212.77
money: '1000.0'
lastlocation:
  world: rooftop
  x: -70.82507166753679
  y: -1.664768000929873
  z: 37.120294667761065
  yaw: 224.7568
  pitch: 53.5561
logoutlocation:
  world: world
  x: 6.884535687965969
  y: 76.23186370566485
  z: -12.130504089973629
  yaw: -90.384254
  pitch: 2.6022227
