lastAccountName: xNotJames
timestamps:
  login: 1723617386546
  logout: 1723617415446
  lastteleport: 1723177276767
ipAddress: 127.41.252.89
money: '1580.0'
lastlocation:
  world: pernicious
  x: -75.11466309300967
  y: 68.0
  z: -33.501453778226164
  yaw: 239.48413
  pitch: 90.0
logoutlocation:
  world: world
  x: -5.7057377457518275
  y: 67.0
  z: -6.48461233141836
  yaw: -104.39452
  pitch: 11.858892
godmode: false
