lastAccountName: xNotJames
timestamps:
  login: 1723616742447
  logout: 1723616737946
  lastteleport: 1723177276767
ipAddress: 127.41.252.89
money: '1330.0'
lastlocation:
  world: hollow
  x: -73.87157522047184
  y: 68.16610926093821
  z: 29.300343688586022
  yaw: 241.63194
  pitch: 23.591368
logoutlocation:
  world: world
  x: -32.47482322473648
  y: 71.0
  z: 0.49185180054454447
  yaw: -89.88387
  pitch: 2.8524027
godmode: false
