lastAccountName: xNotJames
timestamps:
  login: 1723617381540
  logout: 1723617384007
ipAddress: 127.41.252.89
logoutlocation:
  world: world
  x: 5.061840578164679
  y: 64.0
  z: 0.5531900106778977
  yaw: -88.82869
  pitch: 10.398543
money: '12884902497.0'
lastlocation:
  world: Sanctuary
  x: -9.41287328095431
  y: 66.5
  z: -50.81094115979525
  yaw: -33.524357
  pitch: 8.190783
