lastAccountName: xNotJames
timestamps:
  login: 1723343983251
  logout: 1723283788741
ipAddress: 127.254.212.77
lastlocation:
  world: Mini81Q
  x: -20.03067913878303
  y: -65.60593771931667
  z: 32.781637299653056
  yaw: 218.1731
  pitch: 84.496025
money: '360.0'
logoutlocation:
  world: world
  x: 4.328701400677776
  y: 64.03584062504456
  z: 0.4866338914301469
  yaw: -90.09297
  pitch: -1.7613653
