lastAccountName: xNotJames
timestamps:
  login: 1723653665938
  logout: 1723653668888
  lastteleport: 1723177276767
ipAddress: 127.41.252.89
money: '1790.0'
lastlocation:
  world: hollow
  x: -30.867147902142367
  y: -433.0
  z: -65.1455021405711
  yaw: 27.130753
  pitch: 12.449963
logoutlocation:
  world: world
  x: -24.21945873373438
  y: 70.0
  z: 0.49434124431107973
  yaw: -89.88387
  pitch: 2.8524027
godmode: false
