lastAccountName: xNotJames
timestamps:
  login: 1723616171254
  logout: 1723427626975
  lastteleport: 1723177276767
ipAddress: 127.41.252.89
money: '1015.0'
lastlocation:
  world: rooftop
  x: -70.82507166753679
  y: -1.664768000929873
  z: 37.120294667761065
  yaw: 224.7568
  pitch: 53.5561
logoutlocation:
  world: world
  x: -8.834462173856384
  y: 67.0
  z: 5.08184044185154
  yaw: -43.61851
  pitch: 27.630919
