lastAccountName: xNotJames
timestamps:
  login: 1723611538988
  logout: 1723430490153
ipAddress: 127.41.252.89
logoutlocation:
  world: world
  x: 0.5803779866553332
  y: 65.0
  z: 1.2046466204201018
  yaw: -1.2800691
  pitch: 2.6515749
money: '315.0'
lastlocation:
  world: Sentiel
  x: 14.703125677998933
  y: -88.87662416559806
  z: 19.546631790944375
  yaw: -4.7533264
  pitch: -55.854946
