lastAccountName: xNotJames
timestamps:
  login: 1723652834513
  logout: 1723652667930
ipAddress: 127.41.252.89
logoutlocation:
  world: world
  x: 3.0200288491009224
  y: 65.0
  z: -1.106737831358946
  yaw: -89.07888
  pitch: 1.6422429
money: '12884902497.0'
lastlocation:
  world: Sanctuary
  x: -9.41287328095431
  y: 66.5
  z: -50.81094115979525
  yaw: -33.524357
  pitch: 8.190783
