lastAccountName: xNotJames
timestamps:
  login: 1723624596465
  logout: 1723624614215
  lastteleport: 1723177276767
ipAddress: 127.244.62.168
money: '1625.0'
lastlocation:
  world: pernicious
  x: -75.11466309300967
  y: 68.0
  z: -33.501453778226164
  yaw: 239.48413
  pitch: 90.0
logoutlocation:
  world: world
  x: 3.376093191515931
  y: 67.0
  z: 0.17836726356660731
  yaw: -89.88387
  pitch: 5.7294307
godmode: false
