lastAccountName: xNotJames
timestamps:
  login: 1723279678604
  logout: 1723279690075
ipAddress: 127.254.212.77
lastlocation:
  world: Mini81Q
  x: -20.03067913878303
  y: -65.60593771931667
  z: 32.781637299653056
  yaw: 218.1731
  pitch: 84.496025
money: '360.0'
logoutlocation:
  world: world
  x: 1.4468738087200783
  y: 66.4807108763317
  z: -4.668809447850238
  yaw: -41.55802
  pitch: 21.5054
