lastAccountName: xNotJames
timestamps:
  login: 1723424369406
  logout: 1723424411955
  lastteleport: 1723177276767
ipAddress: 127.254.212.77
money: '1000.0'
lastlocation:
  world: rooftop
  x: -70.82507166753679
  y: -1.664768000929873
  z: 37.120294667761065
  yaw: 224.7568
  pitch: 53.5561
logoutlocation:
  world: world
  x: -30.934624331544345
  y: 71.0
  z: 0.49293688708453914
  yaw: -89.88387
  pitch: 2.8524027
