lastAccountName: xNotJames
timestamps:
  login: 1723612937864
  logout: 1723612962643
ipAddress: 127.41.252.89
logoutlocation:
  world: world
  x: -2.5784069429226024
  y: 65.0
  z: -2.384880748453043
  yaw: -276.21347
  pitch: 16.903225
money: '12884902317.0'
lastlocation:
  world: Sentiel
  x: 14.703125677998933
  y: -88.87662416559806
  z: 19.546631790944375
  yaw: -4.7533264
  pitch: -55.854946
