lastAccountName: xNotJames
timestamps:
  login: 1723624555957
  logout: 1723617560446
  lastteleport: 1723177276767
ipAddress: 127.244.62.168
money: '1625.0'
lastlocation:
  world: pernicious
  x: -75.11466309300967
  y: 68.0
  z: -33.501453778226164
  yaw: 239.48413
  pitch: 90.0
logoutlocation:
  world: world
  x: -8.5325393797682
  y: 67.0
  z: -1.9789452792176987
  yaw: -90.134056
  pitch: 4.8538437
godmode: false
