lastAccountName: xNotJames
timestamps:
  login: 1723617386546
  logout: 1723617370448
  lastteleport: 1723177276767
ipAddress: 127.41.252.89
money: '1580.0'
lastlocation:
  world: pernicious
  x: -75.11466309300967
  y: 68.0
  z: -33.501453778226164
  yaw: 239.48413
  pitch: 90.0
logoutlocation:
  world: world
  x: -32.47482322473648
  y: 71.0
  z: 0.49185180054454447
  yaw: -89.88387
  pitch: 2.8524027
godmode: false
