lastAccountName: xNotJames
timestamps:
  login: 1723429632322
  logout: 1723429618299
ipAddress: 127.254.212.77
logoutlocation:
  world: Plateau
  x: 13.100348320825102
  y: 64.44719998002049
  z: 17.166719269738877
  yaw: 40.936554
  pitch: -9.326022
money: '300.0'
