lastAccountName: xNotJames
timestamps:
  login: 1723652543100
  logout: 1723652556446
ipAddress: 127.41.252.89
logoutlocation:
  world: world
  x: 10.009569129685158
  y: 63.0
  z: 0.9056044259004918
  yaw: -86.82726
  pitch: 9.147643
money: '12884902497.0'
lastlocation:
  world: Sanctuary
  x: -9.41287328095431
  y: 66.5
  z: -50.81094115979525
  yaw: -33.524357
  pitch: 8.190783
