lastAccountName: xNotJames
timestamps:
  login: 1723611538988
  logout: 1723430490153
ipAddress: 127.41.252.89
logoutlocation:
  world: world
  x: 0.5803779866553332
  y: 65.0
  z: 1.2046466204201018
  yaw: -1.2800691
  pitch: 2.6515749
money: '305.0'
lastlocation:
  world: Entangled
  x: 1.368562784519518
  y: 71.0
  z: -3.4972471791588915
  yaw: 351.8368
  pitch: 15.2695465
