lastAccountName: xNotJames
timestamps:
  login: 1723652091067
  logout: 1723652078816
  lastteleport: 1723177276767
ipAddress: 127.41.252.89
money: '1790.0'
lastlocation:
  world: hollow
  x: -30.867147902142367
  y: -433.0
  z: -65.1455021405711
  yaw: 27.130753
  pitch: 12.449963
logoutlocation:
  world: world
  x: -3.730465048911279
  y: 67.0
  z: -7.620998478237324
  yaw: -111.649605
  pitch: 5.854561
godmode: false
