lastAccountName: xNotJames
timestamps:
  login: 1723652588666
  logout: 1723652498816
  lastteleport: 1723177276767
ipAddress: 127.41.252.89
money: '1790.0'
lastlocation:
  world: hollow
  x: -30.867147902142367
  y: -433.0
  z: -65.1455021405711
  yaw: 27.130753
  pitch: 12.449963
logoutlocation:
  world: world
  x: -7.366122761210427
  y: 68.24918707874468
  z: -6.866604678109607
  yaw: -160.95264
  pitch: 18.863949
godmode: false
