lastAccountName: xNotJames
timestamps:
  login: 1723652681866
  logout: 1723652648816
  lastteleport: 1723177276767
ipAddress: 127.41.252.89
money: '1790.0'
lastlocation:
  world: hollow
  x: -30.867147902142367
  y: -433.0
  z: -65.1455021405711
  yaw: 27.130753
  pitch: 12.449963
logoutlocation:
  world: world
  x: -4.115319327188481
  y: 67.0
  z: -9.489707812473505
  yaw: 304.3989
  pitch: 12.109065
godmode: false
