lastAccountName: xNotJames
timestamps:
  login: 1723424470456
  logout: 1723424486956
  lastteleport: 1723177276767
ipAddress: 127.254.212.77
money: '1000.0'
lastlocation:
  world: rooftop
  x: -70.82507166753679
  y: -1.664768000929873
  z: 37.120294667761065
  yaw: 224.7568
  pitch: 53.5561
logoutlocation:
  world: world
  x: -30.07068738976045
  y: 71.73984846120165
  z: 0.4935193459989499
  yaw: -89.60957
  pitch: 3.218138
