lastAccountName: xNotJames
timestamps:
  login: 1723611538988
  logout: 1723430490153
ipAddress: 127.41.252.89
logoutlocation:
  world: world
  x: 0.5803779866553332
  y: 65.0
  z: 1.2046466204201018
  yaw: -1.2800691
  pitch: 2.6515749
money: '310.0'
lastlocation:
  world: RailRoad
  x: 1.0444457202904753
  y: -65.1866971218999
  z: -9.496210604201114
  yaw: 0.2500012
  pitch: -4.067788
