lastAccountName: xNotJames
timestamps:
  login: 1723624924070
  logout: 1723624950940
ipAddress: 127.244.62.168
logoutlocation:
  world: world
  x: 15.976203515882695
  y: 63.0
  z: -1.9344977582252807
  yaw: -112.280426
  pitch: 29.13795
money: '12884902497.0'
lastlocation:
  world: Sanctuary
  x: -9.41287328095431
  y: 66.5
  z: -50.81094115979525
  yaw: -33.524357
  pitch: 8.190783
