lastAccountName: xNotJames
timestamps:
  login: 1723283642235
  logout: 1723283695585
  lastteleport: 1723177276767
ipAddress: 127.254.212.77
money: '1000.0'
lastlocation:
  world: rooftop
  x: -70.82507166753679
  y: -1.664768000929873
  z: 37.120294667761065
  yaw: 224.7568
  pitch: 53.5561
logoutlocation:
  world: world
  x: -25.439999620367697
  y: 74.25002010167512
  z: 1.9572351411642055
  yaw: 80.488785
  pitch: 20.865377
