lastAccountName: xNotJames
timestamps:
  login: 1723626687869
  logout: 1723626708558
ipAddress: 127.41.252.89
logoutlocation:
  world: world
  x: 1.036001791467294
  y: 65.0
  z: 1.9104344192600848
  yaw: 1.0E-6
  pitch: 1.0E-6
money: '12884902497.0'
lastlocation:
  world: Sanctuary
  x: -9.41287328095431
  y: 66.5
  z: -50.81094115979525
  yaw: -33.524357
  pitch: 8.190783
