lastAccountName: xNotJames
timestamps:
  login: 1723429632322
  logout: 1723430146079
ipAddress: 127.254.212.77
logoutlocation:
  world: world
  x: 8.614172176691795
  y: 63.41999998688698
  z: 0.11278518867759686
  yaw: 95.81726
  pitch: 47.696503
money: '305.0'
lastlocation:
  world: Entangled
  x: 1.368562784519518
  y: 71.0
  z: -3.4972471791588915
  yaw: 351.8368
  pitch: 15.2695465
