lastAccountName: xNotJames
timestamps:
  login: 1723283441485
  logout: 1723283455585
  lastteleport: 1723177276767
ipAddress: 127.254.212.77
money: '1000.0'
lastlocation:
  world: rooftop
  x: -70.82507166753679
  y: -1.664768000929873
  z: 37.120294667761065
  yaw: 224.7568
  pitch: 53.5561
logoutlocation:
  world: world
  x: -2.0963728112296454
  y: 73.24076931171014
  z: 0.4960606217075916
  yaw: -89.88387
  pitch: 3.3527627
