lastAccountName: Diamond_Golem
timestamps:
  login: 1618097134291
  logout: 1618098320934
ipAddress: 192.168.0.72
money: '145.0'
logoutlocation:
  world: world
  x: 17.208985786467927
  y: 63.0
  z: -2.528821660963975
  yaw: 2.6421125
  pitch: -3.6319835
