lastAccountName: Briiqn
timestamps:
  login: 1723394390965
  logout: 1723394408136
ipAddress: 127.30.38.147
lastlocation:
  world: Fossil
  x: -12.937061172606823
  y: -64.1768963798221
  z: -47.77648593442911
  yaw: -71.534546
  pitch: 55.367805
money: '125.0'
logoutlocation:
  world: Entangled
  x: 0.30000001192092896
  y: 75.0
  z: -69.30000001192093
  yaw: -41.7
  pitch: 9.450001
