lastAccountName: Briiqn
timestamps:
  login: 1723441424732
  logout: 1723441754327
  lastteleport: 1723441383658
ipAddress: 127.30.38.147
lastlocation:
  world: DessertedIslands
  x: -32.39905545103204
  y: 67.75982472340607
  z: 54.18409551423375
  yaw: 234.92014
  pitch: 44.393757
money: '435.0'
logoutlocation:
  world: world
  x: 2.292365390853315
  y: 65.0
  z: 0.5371957463411292
  yaw: -89.57925
  pitch: 0.8917029
