lastAccountName: Briiqn
timestamps:
  login: 1723427683926
  logout: 1723427696975
  lastteleport: 1723264124538
ipAddress: 127.30.38.147
logoutlocation:
  world: world
  x: -33.876789863357715
  y: 71.0
  z: 0.22851618227520382
  yaw: 91.25566
  pitch: 4.72626
money: '1725.0'
lastlocation:
  world: bio-hazard
  x: -28.694351521247068
  y: -1057.1730765215948
  z: -18.562110745620547
  yaw: -285.7077
  pitch: 88.43269
godmode: true
