lastAccountName: Briiqn
timestamps:
  login: 1723612315895
  logout: 1723612866649
  lastteleport: 1723441383658
ipAddress: 127.30.38.147
lastlocation:
  world: Submerged
  x: -7.52967090780411
  y: 48.87518719878482
  z: -27.738081825520332
  yaw: -31.855652
  pitch: 10.925558
money: '675.0'
logoutlocation:
  world: world
  x: 19.000981448286893
  y: 63.0
  z: -13.448694678385552
  yaw: 221.41699
  pitch: -1.5299023
