lastAccountName: Briiqn
timestamps:
  login: 1723504951323
  logout: 1723504985952
  lastteleport: 1723264124538
ipAddress: 127.30.38.147
logoutlocation:
  world: world
  x: -57.64325354324429
  y: 118.50516723523282
  z: 7.119751127946605
  yaw: 262.991
  pitch: 24.123629
money: '1725.0'
lastlocation:
  world: bio-hazard
  x: -28.694351521247068
  y: -1057.1730765215948
  z: -18.562110745620547
  yaw: -285.7077
  pitch: 88.43269
godmode: true
