lastAccountName: Briiqn
timestamps:
  login: 1723616731347
  logout: 1723616727946
  lastteleport: 1723264124538
ipAddress: 127.30.38.147
logoutlocation:
  world: world
  x: -32.47482322473648
  y: 71.0
  z: 0.49185180054454447
  yaw: -89.88387
  pitch: 2.8524027
money: '1975.0'
lastlocation:
  world: speedway
  x: 0.5674838866718388
  y: 98.0
  z: 0.5918225735926932
  yaw: 268.73828
  pitch: -0.8979894
godmode: false
