lastAccountName: Briiqn
timestamps:
  login: 1723247205417
  logout: 1723246766617
ipAddress: 127.30.38.147
logoutlocation:
  world: world
  x: -8.436397174420087
  y: 67.0
  z: -0.7562250321781026
  yaw: 60.04702
  pitch: 17.24691
money: '770.0'
lastlocation:
  world: rooftop
  x: -40.1551572037867
  y: -1.5161338643051772
  z: -2.699999988079073
  yaw: 97.65338
  pitch: 76.10466
