lastAccountName: Briiqn
timestamps:
  login: 1723613141130
  logout: 1723613138422
  lastteleport: 1723441383658
ipAddress: 127.30.38.147
lastlocation:
  world: Onionring
  x: -19.182393222351806
  y: 89.0
  z: -26.772635322316646
  yaw: -133.61261
  pitch: 22.740591
money: '740.0'
logoutlocation:
  world: world
  x: 3.624174014020639
  y: 64.5
  z: 0.538623390680985
  yaw: -89.57925
  pitch: 0.8917029
