lastAccountName: Briiqn
timestamps:
  login: 1723440125416
  logout: 1723430148676
  lastteleport: 1723441383658
ipAddress: 127.30.38.147
lastlocation:
  world: DessertedIslands
  x: -32.39905545103204
  y: 67.75982472340607
  z: 54.18409551423375
  yaw: 234.92014
  pitch: 44.393757
money: '375.0'
logoutlocation:
  world: world
  x: 17.627293027652033
  y: 63.0
  z: 0.7552382589342667
  yaw: -254.54541
  pitch: -1.8464748
