lastAccountName: Briiqn
timestamps:
  login: 1724017563556
  logout: 1724013945506
  lastteleport: 1723264124538
ipAddress: 127.30.38.147
logoutlocation:
  world: world
  x: -9.255233406775742
  y: 70.0625
  z: -28.280848040222345
  yaw: -156.32596
  pitch: 14.8297615
money: '2525.0'
lastlocation:
  world: orchestra
  x: -79.95621100591427
  y: -0.11941282421340915
  z: 7.2592800981394054
  yaw: 7.1572266
  pitch: -6.0495434
godmode: false
