lastAccountName: Briiqn
timestamps:
  login: 1723601739177
  logout: 1723601624173
  lastteleport: 1723441383658
ipAddress: 127.30.38.147
lastlocation:
  world: DessertedIslands
  x: -32.39905545103204
  y: 67.75982472340607
  z: 54.18409551423375
  yaw: 234.92014
  pitch: 44.393757
money: '555.0'
logoutlocation:
  world: world
  x: 1.3838463329798834
  y: 65.0
  z: 0.24980138273584235
  yaw: -292.7089
  pitch: 6.1520605
