lastAccountName: Briiqn
timestamps:
  login: 1723617558268
  logout: 1723617567645
  lastteleport: 1723441383658
ipAddress: 127.30.38.147
lastlocation:
  world: Submerged
  x: 15.633255166283497
  y: 74.19274726440713
  z: -0.3414859452906005
  yaw: 98.57037
  pitch: 22.5787
money: '750.0'
logoutlocation:
  world: world
  x: 25.69999998807907
  y: 63.0
  z: -3.539069003587402
  yaw: -99.695496
  pitch: -2.9928493
