lastAccountName: Briiqn
timestamps:
  login: 1723429828953
  logout: 1723429703155
  lastteleport: 1723429877816
ipAddress: 127.30.38.147
lastlocation:
  world: world
  x: 42.97195559405129
  y: 64.0
  z: 16.991153773521074
  yaw: -279.3069
  pitch: 16.007473
money: '320.0'
logoutlocation:
  world: world
  x: 13.601144699685362
  y: 63.0
  z: 6.728693251968853
  yaw: -134.427
  pitch: 15.008091
