lastAccountName: Briiqn
timestamps:
  login: 1723260514207
  logout: 1723260037357
ipAddress: 127.30.38.147
logoutlocation:
  world: world
  x: 58.31226334066351
  y: 89.5
  z: 0.5033535555224158
  yaw: -90.38268
  pitch: 4.562642
money: '1240.0'
lastlocation:
  world: bio-hazard
  x: -63.07499998807907
  y: 66.0
  z: -2.300000011920929
  yaw: 18.443878
  pitch: -5.5158854
