lastAccountName: Briiqn
timestamps:
  login: 1723429454923
  logout: 1723429703155
ipAddress: 127.30.38.147
lastlocation:
  world: Onionring
  x: -1.8768230384741074
  y: 90.5
  z: -29.459810557840445
  yaw: 18.769318
  pitch: 21.486895
money: '320.0'
logoutlocation:
  world: world
  x: 13.601144699685362
  y: 63.0
  z: 6.728693251968853
  yaw: -134.427
  pitch: 15.008091
