lastAccountName: Briiqn
timestamps:
  login: 1723413785370
  logout: 1723408075465
  lastteleport: 1723264124538
ipAddress: 127.30.38.147
logoutlocation:
  world: world
  x: -6.773230675548063
  y: 67.0
  z: 6.585511020390937
  yaw: 199.66064
  pitch: 28.789333
money: '1725.0'
lastlocation:
  world: bio-hazard
  x: -28.694351521247068
  y: -1057.1730765215948
  z: -18.562110745620547
  yaw: -285.7077
  pitch: 88.43269
godmode: true
