lastAccountName: Briiqn
timestamps:
  login: 1723233557558
  logout: 1723234141592
ipAddress: 127.30.38.147
logoutlocation:
  world: world
  x: 40.75039968513658
  y: 115.06428298837562
  z: -45.73457782217398
  yaw: -296.6093
  pitch: 24.230425
money: '770.0'
lastlocation:
  world: rooftop
  x: -40.1551572037867
  y: -1.5161338643051772
  z: -2.699999988079073
  yaw: 97.65338
  pitch: 76.10466
