lastAccountName: Briiqn
timestamps:
  login: 1723245527746
  logout: 1723243781130
ipAddress: 127.30.38.147
logoutlocation:
  world: world
  x: 6.429721896110168
  y: 63.0
  z: -17.616489066382332
  yaw: -200.40332
  pitch: 7.003611
lastlocation:
  world: Mini81Q
  x: -0.7653522094058456
  y: 71.58230961125521
  z: -12.613919126139113
  yaw: -71.81354
  pitch: 24.322306
money: '345.0'
afk: false
