lastAccountName: Briiqn
timestamps:
  login: 1723358639439
  logout: 1723358382655
  lastteleport: 1723264124538
ipAddress: 127.30.38.147
logoutlocation:
  world: world
  x: -2.792141083211166
  y: 67.0
  z: -8.174599387801338
  yaw: 273.47754
  pitch: 3.7767143
money: '1725.0'
lastlocation:
  world: bio-hazard
  x: -28.694351521247068
  y: -1057.1730765215948
  z: -18.562110745620547
  yaw: -285.7077
  pitch: 88.43269
godmode: true
