lastAccountName: Briiqn
timestamps:
  login: 1723929128301
  logout: 1723929116652
  lastteleport: 1723264124538
ipAddress: 127.30.38.147
logoutlocation:
  world: world
  x: -32.47482322473648
  y: 71.0
  z: 0.49185180054454447
  yaw: -89.88387
  pitch: 2.8524027
money: '2320.0'
lastlocation:
  world: polemus
  x: 4.391754895719627
  y: 75.0
  z: 70.9641098294317
  yaw: 57.43405
  pitch: 73.332924
godmode: false
