lastAccountName: Briiqn
timestamps:
  login: 1723503501130
  logout: 1723503507918
  lastteleport: 1723441383658
ipAddress: 127.30.38.147
lastlocation:
  world: DessertedIslands
  x: -32.39905545103204
  y: 67.75982472340607
  z: 54.18409551423375
  yaw: 234.92014
  pitch: 44.393757
money: '435.0'
logoutlocation:
  world: world
  x: 30.73345756877058
  y: 67.82882149676988
  z: 0.5365752509259238
  yaw: -83.18589
  pitch: 0.7298466
