lastAccountName: Briiqn
timestamps:
  login: 1723429454923
  logout: 1723429447913
ipAddress: 127.30.38.147
lastlocation:
  world: Submerged
  x: -3.6838995326575166
  y: 50.07999224293162
  z: 0.441263447712025
  yaw: 16.395193
  pitch: 18.79347
money: '200.0'
logoutlocation:
  world: RailRoad
  x: -13.911964954474964
  y: 99.0
  z: -29.261529253542772
  yaw: -20.862272
  pitch: 39.22609
