lastAccountName: Briiqn
timestamps:
  login: 1723616731347
  logout: 1723616727946
  lastteleport: 1723264124538
ipAddress: 127.30.38.147
logoutlocation:
  world: world
  x: -32.47482322473648
  y: 71.0
  z: 0.49185180054454447
  yaw: -89.88387
  pitch: 2.8524027
money: '1790.0'
lastlocation:
  world: orchestra
  x: -76.7181934651453
  y: -0.2669467855604948
  z: -17.807248677594888
  yaw: 5.005127
  pitch: -38.097157
godmode: false
