lastAccountName: Briiqn
timestamps:
  login: 1724741681516
  logout: 1724741663108
  lastteleport: 1724741739784
ipAddress: 127.30.38.147
lastlocation:
  world: Villa
  x: 6.1650862934855715
  y: 84.8192823587533
  z: 56.519086235916376
  yaw: 245.63162
  pitch: 22.395939
money: '785.0'
logoutlocation:
  world: Tundra
  x: 8.82774764266509
  y: 77.0000001
  z: -62.84593345265656
  yaw: 342.95935
  pitch: 40.777374
godmode: true
