lastAccountName: Briiqn
timestamps:
  login: 1724741681516
  logout: 1724741770644
  lastteleport: 1724741739784
ipAddress: 127.30.38.147
lastlocation:
  world: Villa
  x: 6.1650862934855715
  y: 84.8192823587533
  z: 56.519086235916376
  yaw: 245.63162
  pitch: 22.395939
money: '790.0'
logoutlocation:
  world: Villa
  x: 0.2799854736666637
  y: 79.0000001
  z: -32.32131987159331
  yaw: 177.55696
  pitch: 22.901632
godmode: true
