lastAccountName: Briiqn
timestamps:
  login: 1723616731347
  logout: 1723616727946
  lastteleport: 1723264124538
ipAddress: 127.30.38.147
logoutlocation:
  world: world
  x: -32.47482322473648
  y: 71.0
  z: 0.49185180054454447
  yaw: -89.88387
  pitch: 2.8524027
money: '1925.0'
lastlocation:
  world: hollow
  x: -44.56818893013586
  y: 87.1124763736599
  z: -49.747592376398984
  yaw: 41.597107
  pitch: 21.901754
godmode: false
