lastAccountName: Briiqn
timestamps:
  login: 1723396451204
  logout: 1723396467965
  lastteleport: 1723264124538
ipAddress: 127.30.38.147
logoutlocation:
  world: world
  x: -2.807678912710922
  y: 67.0
  z: -4.572781638245853
  yaw: -125.133896
  pitch: 9.902402
money: '1725.0'
lastlocation:
  world: bio-hazard
  x: -28.694351521247068
  y: -1057.1730765215948
  z: -18.562110745620547
  yaw: -285.7077
  pitch: 88.43269
godmode: true
