lastAccountName: Briiqn
timestamps:
  login: 1723927838771
  logout: 1723927835992
  lastteleport: 1723441383658
ipAddress: 127.30.38.147
lastlocation:
  world: Aquarius
  x: 24.69999998807907
  y: -64.60456084817784
  z: -6.270632872263011
  yaw: -69.84071
  pitch: -50.668835
money: '760.0'
logoutlocation:
  world: Senti
  x: 0.699999988079071
  y: 83.0
  z: -47.30000001192093
  yaw: -9.954176
  pitch: 29.134132
godmode: true
