lastAccountName: Briiqn
timestamps:
  login: 1723918279088
  logout: 1723745689541
  lastteleport: 1723441383658
ipAddress: 127.30.38.147
lastlocation:
  world: Submerged
  x: 15.633255166283497
  y: 74.19274726440713
  z: -0.3414859452906005
  yaw: 98.57037
  pitch: 22.5787
money: '750.0'
logoutlocation:
  world: world
  x: 30.10530054565602
  y: 65.0
  z: -27.713017712208522
  yaw: -110.2974
  pitch: 9.71292
