lastAccountName: Briiqn
timestamps:
  login: 1723262173050
  logout: 1723261269857
ipAddress: 127.30.38.147
logoutlocation:
  world: world
  x: -21.1102232159537
  y: 69.5
  z: -0.37605525566077763
  yaw: -103.850716
  pitch: 10.04966
money: '1240.0'
lastlocation:
  world: bio-hazard
  x: -63.07499998807907
  y: 66.0
  z: -2.300000011920929
  yaw: 18.443878
  pitch: -5.5158854
