lastAccountName: Briiqn
timestamps:
  login: 1725406213093
  logout: 1725406227951
  lastteleport: 1723264124538
ipAddress: 127.30.38.147
logoutlocation:
  world: world
  x: -32.47482322473648
  y: 71.0
  z: 0.49185180054454447
  yaw: -89.88387
  pitch: 2.8524027
money: '2525.0'
lastlocation:
  world: orchestra
  x: -79.95621100591427
  y: -0.11941282421340915
  z: 7.2592800981394054
  yaw: 7.1572266
  pitch: -6.0495434
godmode: false
