lastAccountName: Briiqn
timestamps:
  login: 1723616731347
  logout: 1723616727946
  lastteleport: 1723264124538
ipAddress: 127.30.38.147
logoutlocation:
  world: world
  x: -32.47482322473648
  y: 71.0
  z: 0.49185180054454447
  yaw: -89.88387
  pitch: 2.8524027
money: '1930.0'
lastlocation:
  world: speedway
  x: -82.15084950026828
  y: 66.87518719878484
  z: 36.69999998807907
  yaw: 269.20963
  pitch: 0.98592657
godmode: false
