lastAccountName: Briiqn
timestamps:
  login: 1723262173050
  logout: 1723261269857
  lastteleport: 1723263103788
ipAddress: 127.30.38.147
logoutlocation:
  world: world
  x: -21.1102232159537
  y: 69.5
  z: -0.37605525566077763
  yaw: -103.850716
  pitch: 10.04966
money: '1670.0'
lastlocation:
  world: lotus
  x: -72.63939305157658
  y: 66.93758337603322
  z: 36.307165681263335
  yaw: 115.81667
  pitch: 28.49212
godmode: true
