lastAccountName: Briiqn
timestamps:
  login: 1723249497421
  logout: 1723249499587
ipAddress: 127.30.38.147
logoutlocation:
  world: world
  x: 2.6543714750554623
  y: 65.0
  z: 0.4867934907773179
  yaw: -90.09297
  pitch: -1.7613653
lastlocation:
  world: Mini81Q
  x: -0.7653522094058456
  y: 71.58230961125521
  z: -12.613919126139113
  yaw: -71.81354
  pitch: 24.322306
money: '405.0'
afk: false
