lastAccountName: Briiqn
timestamps:
  login: 1723243727959
  logout: 1723243721041
ipAddress: 127.30.38.147
logoutlocation:
  world: world
  x: 19.050530433346722
  y: 33.0
  z: -6.530437866981169
  yaw: -204.5366
  pitch: 29.94928
lastlocation:
  world: Mini81Q
  x: -0.7653522094058456
  y: 71.58230961125521
  z: -12.613919126139113
  yaw: -71.81354
  pitch: 24.322306
money: '345.0'
afk: false
