lastAccountName: Briiqn
timestamps:
  login: 1723745471695
  logout: 1723745475049
  lastteleport: 1723441383658
ipAddress: 127.30.38.147
lastlocation:
  world: Submerged
  x: 15.633255166283497
  y: 74.19274726440713
  z: -0.3414859452906005
  yaw: 98.57037
  pitch: 22.5787
money: '750.0'
logoutlocation:
  world: world
  x: 9.75377342883131
  y: 63.0
  z: -0.1632972217567431
  yaw: -95.24405
  pitch: 1.5391284
