lastAccountName: Briiqn
timestamps:
  login: 1725407197401
  logout: 1725407232951
  lastteleport: 1723264124538
ipAddress: 127.30.38.147
logoutlocation:
  world: world
  x: -1.3246443265054655
  y: 67.0
  z: -17.670013522481284
  yaw: -32.09172
  pitch: 4.5983977
money: '2525.0'
lastlocation:
  world: orchestra
  x: -79.95621100591427
  y: -0.11941282421340915
  z: 7.2592800981394054
  yaw: 7.1572266
  pitch: -6.0495434
godmode: false
