lastAccountName: Briiqn
timestamps:
  login: 1723929912201
  logout: 1723929929151
  lastteleport: 1723264124538
ipAddress: 127.30.38.147
logoutlocation:
  world: world
  x: 0.9257975523025141
  y: 67.0
  z: -9.824145445363257
  yaw: -147.262
  pitch: 0.58641523
money: '2320.0'
lastlocation:
  world: polemus
  x: 4.391754895719627
  y: 75.0
  z: 70.9641098294317
  yaw: 57.43405
  pitch: 73.332924
godmode: false
