lastAccountName: Briiqn
timestamps:
  login: 1723363247241
  logout: 1723363322027
ipAddress: 127.30.38.147
lastlocation:
  world: Fossil
  x: -12.937061172606823
  y: -64.1768963798221
  z: -47.77648593442911
  yaw: -71.534546
  pitch: 55.367805
money: '125.0'
logoutlocation:
  world: world
  x: 11.797587449124949
  y: 63.0
  z: 0.9842602107258671
  yaw: 242.5841
  pitch: 43.1115
