lastAccountName: Briiqn
timestamps:
  login: 1723273477018
  logout: 1723273484966
ipAddress: 127.30.38.147
logoutlocation:
  world: world
  x: 33.70590983468161
  y: 63.0
  z: 12.997477862533792
  yaw: -1.5168573
  pitch: 12.704407
lastlocation:
  world: Mini81Q
  x: -0.7653522094058456
  y: 71.58230961125521
  z: -12.613919126139113
  yaw: -71.81354
  pitch: 24.322306
money: '405.0'
afk: false
