lastAccountName: Briiqn
timestamps:
  login: 1723364395374
  logout: 1723364401474
  lastteleport: 1723264124538
ipAddress: 127.30.38.147
logoutlocation:
  world: world
  x: -12.058132409836329
  y: 67.0
  z: 0.786211737389102
  yaw: -87.74612
  pitch: 5.6315417
money: '1725.0'
lastlocation:
  world: bio-hazard
  x: -28.694351521247068
  y: -1057.1730765215948
  z: -18.562110745620547
  yaw: -285.7077
  pitch: 88.43269
godmode: true
