lastAccountName: Briiqn
timestamps:
  login: 1723928376302
  logout: 1723919086651
  lastteleport: 1723264124538
ipAddress: 127.30.38.147
logoutlocation:
  world: world
  x: 3.2568129648763584
  y: 68.0
  z: -18.11917975139375
  yaw: -75.45323
  pitch: 73.2482
money: '2245.0'
lastlocation:
  world: orchestra
  x: -54.5110238233997
  y: -2.185179784793023
  z: 87.14405495492709
  yaw: 310.5015
  pitch: -87.41039
godmode: false
