lastAccountName: Briiqn
timestamps:
  login: 1723493303553
  logout: 1723488265402
  lastteleport: 1723264124538
ipAddress: 127.30.38.147
logoutlocation:
  world: world
  x: -3.604644930361387
  y: 67.0
  z: 6.792193426179214
  yaw: 91.93157
  pitch: 8.043588
money: '1725.0'
lastlocation:
  world: bio-hazard
  x: -28.694351521247068
  y: -1057.1730765215948
  z: -18.562110745620547
  yaw: -285.7077
  pitch: 88.43269
godmode: true
