lastAccountName: Briiqn
timestamps:
  login: 1723396532549
  logout: 1723396548291
ipAddress: 127.30.38.147
lastlocation:
  world: Fossil
  x: -12.937061172606823
  y: -64.1768963798221
  z: -47.77648593442911
  yaw: -71.534546
  pitch: 55.367805
money: '125.0'
logoutlocation:
  world: Senti
  x: 0.699999988079071
  y: 83.0
  z: -47.69999998807907
  yaw: 34.949997
  pitch: 90.0
