lastAccountName: Briiqn
timestamps:
  login: 1723358563156
  logout: 1723358382655
  lastteleport: 1723264124538
ipAddress: 127.30.38.147
logoutlocation:
  world: world
  x: -17.3724113347944
  y: 68.0
  z: -5.2264738803116355
  yaw: 243.70782
  pitch: 10.617756
money: '1725.0'
lastlocation:
  world: bio-hazard
  x: -28.694351521247068
  y: -1057.1730765215948
  z: -18.562110745620547
  yaw: -285.7077
  pitch: 88.43269
godmode: true
