lastAccountName: Briiqn
timestamps:
  login: 1723326115857
  logout: 1723326117147
ipAddress: 127.223.73.106
logoutlocation:
  world: world
  x: 6.186342203381193
  y: 64.0
  z: -2.976634317334537
  yaw: -132.4214
  pitch: 1.0890331
lastlocation:
  world: Mini81Q
  x: -0.7653522094058456
  y: 71.58230961125521
  z: -12.613919126139113
  yaw: -71.81354
  pitch: 24.322306
money: '405.0'
afk: false
