lastAccountName: Briiqn
timestamps:
  login: 1723261699219
  logout: 1723261700969
ipAddress: 127.30.38.147
logoutlocation:
  world: world
  x: 3.861563155903305
  y: 64.5
  z: 0.4807758955533519
  yaw: -90.378006
  pitch: -1.7613653
lastlocation:
  world: Mini81Q
  x: -0.7653522094058456
  y: 71.58230961125521
  z: -12.613919126139113
  yaw: -71.81354
  pitch: 24.322306
money: '405.0'
afk: false
