lastAccountName: Briiqn
timestamps:
  login: 1723929875204
  logout: 1723929886605
  lastteleport: 1723441383658
ipAddress: 127.30.38.147
lastlocation:
  world: Sanctuary
  x: -12.49450929587519
  y: 67.5
  z: -27.466110888992283
  yaw: 250.04108
  pitch: 3.8926373
money: '780.0'
logoutlocation:
  world: world
  x: 18.700970464970617
  y: 63.0
  z: -0.06628781540794039
  yaw: -95.89142
  pitch: 2.0246975
godmode: true
