lastAccountName: Briiqn
timestamps:
  login: 1723601292924
  logout: 1723600035789
  lastteleport: 1723441383658
ipAddress: 127.30.38.147
lastlocation:
  world: DessertedIslands
  x: -32.39905545103204
  y: 67.75982472340607
  z: 54.18409551423375
  yaw: 234.92014
  pitch: 44.393757
money: '495.0'
logoutlocation:
  world: world
  x: 7.687468716819238
  y: 63.0
  z: 0.5479639759777257
  yaw: -89.57925
  pitch: 0.8917029
