lastAccountName: Briiqn
timestamps:
  login: 1723242886908
  logout: 1723242883507
ipAddress: 127.30.38.147
logoutlocation:
  world: world
  x: -0.0775899923835835
  y: 70.44936936732857
  z: -8.388828770305405
  yaw: -104.707825
  pitch: 12.258679
money: '770.0'
lastlocation:
  world: rooftop
  x: -40.1551572037867
  y: -1.5161338643051772
  z: -2.699999988079073
  yaw: 97.65338
  pitch: 76.10466
