lastAccountName: Briiqn
timestamps:
  login: 1723243727959
  logout: 1723243781130
ipAddress: 127.30.38.147
logoutlocation:
  world: world
  x: 18.992961107371805
  y: 63.0
  z: -9.966259491373464
  yaw: -112.53952
  pitch: 11.778104
lastlocation:
  world: Mini81Q
  x: -0.7653522094058456
  y: 71.58230961125521
  z: -12.613919126139113
  yaw: -71.81354
  pitch: 24.322306
money: '345.0'
afk: false
