lastAccountName: Briiqn
timestamps:
  login: 1723325912945
  logout: 1723325641595
  lastteleport: 1723264124538
ipAddress: 127.223.73.106
logoutlocation:
  world: world
  x: -23.657390005034472
  y: 70.0
  z: 0.733688642701896
  yaw: 98.917595
  pitch: 21.1643
money: '1725.0'
lastlocation:
  world: bio-hazard
  x: -28.694351521247068
  y: -1057.1730765215948
  z: -18.562110745620547
  yaw: -285.7077
  pitch: 88.43269
godmode: true
