lastAccountName: Briiqn
timestamps:
  login: 1723927838771
  logout: 1723928022907
  lastteleport: 1723441383658
ipAddress: 127.30.38.147
lastlocation:
  world: DessertedIslands
  x: -1.3000000119209243
  y: 33.45738184528676
  z: -38.30000001192093
  yaw: -250.79822
  pitch: 50.506916
money: '770.0'
logoutlocation:
  world: Senti
  x: 0.699999988079071
  y: 83.0
  z: -47.30000001192093
  yaw: -9.954176
  pitch: 29.134132
godmode: false
