lastAccountName: Briiqn
timestamps:
  login: 1723363631084
  logout: 1723363828180
ipAddress: 127.30.38.147
lastlocation:
  world: Fossil
  x: -12.937061172606823
  y: -64.1768963798221
  z: -47.77648593442911
  yaw: -71.534546
  pitch: 55.367805
money: '125.0'
logoutlocation:
  world: world
  x: 13.852887438538692
  y: 63.0
  z: -6.020999951161883
  yaw: 243.89648
  pitch: 9.690196
