lastAccountName: Briiqn
timestamps:
  login: 1723611391638
  logout: 1723601754560
  lastteleport: 1723441383658
ipAddress: 127.30.38.147
lastlocation:
  world: DessertedIslands
  x: -32.39905545103204
  y: 67.75982472340607
  z: 54.18409551423375
  yaw: 234.92014
  pitch: 44.393757
money: '555.0'
logoutlocation:
  world: world
  x: 18.241681897851414
  y: 63.0
  z: 0.6807681761630777
  yaw: -87.23243
  pitch: 5.342752
