lastAccountName: Briiqn
timestamps:
  login: 1723358817570
  logout: 1723340707780
ipAddress: 127.30.38.147
logoutlocation:
  world: world
  x: 7.090509371972162
  y: 63.0
  z: -1.9543811227439507
  yaw: -117.59927
  pitch: 13.2744875
lastlocation:
  world: Mini81Q
  x: -0.7653522094058456
  y: 71.58230961125521
  z: -12.613919126139113
  yaw: -71.81354
  pitch: 24.322306
money: '405.0'
afk: false
