lastAccountName: Briiqn
timestamps:
  login: 1723616731347
  logout: 1723616727946
  lastteleport: 1723264124538
ipAddress: 127.30.38.147
logoutlocation:
  world: world
  x: -32.47482322473648
  y: 71.0
  z: 0.49185180054454447
  yaw: -89.88387
  pitch: 2.8524027
money: '2220.0'
lastlocation:
  world: bio-hazard
  x: -86.53837134018724
  y: -2.5439599734077754
  z: 16.910082795927817
  yaw: 354.77814
  pitch: -44.74539
godmode: false
