lastAccountName: Briiqn
timestamps:
  login: 1723246675468
  logout: 1723246676816
ipAddress: 127.30.38.147
logoutlocation:
  world: world
  x: 10.428300414056837
  y: 63.0
  z: -2.499692114261694
  yaw: -129.78473
  pitch: 13.488268
lastlocation:
  world: Mini81Q
  x: -0.7653522094058456
  y: 71.58230961125521
  z: -12.613919126139113
  yaw: -71.81354
  pitch: 24.322306
money: '345.0'
afk: false
