lastAccountName: Briiqn
timestamps:
  login: 1723262173050
  logout: 1723261269857
ipAddress: 127.30.38.147
logoutlocation:
  world: world
  x: -21.1102232159537
  y: 69.5
  z: -0.37605525566077763
  yaw: -103.850716
  pitch: 10.04966
money: '1350.0'
lastlocation:
  world: lions_temple
  x: -20.198256956809068
  y: 69.0
  z: -53.123603372746416
  yaw: -172.46996
  pitch: 67.62454
