lastAccountName: Briiqn
timestamps:
  login: 1723927838771
  logout: 1723928170498
  lastteleport: 1723441383658
ipAddress: 127.30.38.147
lastlocation:
  world: Sanctuary
  x: -12.49450929587519
  y: 67.5
  z: -27.466110888992283
  yaw: 250.04108
  pitch: 3.8926373
money: '780.0'
logoutlocation:
  world: Senti
  x: 0.699999988079071
  y: 83.0
  z: -47.30000001192093
  yaw: -9.954176
  pitch: 29.134132
godmode: true
