lastAccountName: Briiqn
timestamps:
  login: 1723927733153
  logout: 1723918289307
  lastteleport: 1723441383658
ipAddress: 127.30.38.147
lastlocation:
  world: Aquarius
  x: 24.69999998807907
  y: -64.60456084817784
  z: -6.270632872263011
  yaw: -69.84071
  pitch: -50.668835
money: '755.0'
logoutlocation:
  world: world
  x: 15.193661726058528
  y: 63.0
  z: 0.5510632095009698
  yaw: -89.57925
  pitch: 0.8917029
