lastAccountName: Briiqn
timestamps:
  login: 1723241258470
  logout: 1723241255313
ipAddress: 127.30.38.147
logoutlocation:
  world: world
  x: -4.805960013393463
  y: 70.0
  z: -25.097953512198032
  yaw: -160.43144
  pitch: -1.2094245
money: '770.0'
lastlocation:
  world: rooftop
  x: -40.1551572037867
  y: -1.5161338643051772
  z: -2.699999988079073
  yaw: 97.65338
  pitch: 76.10466
