lastAccountName: Briiqn
timestamps:
  login: 1723261278407
  logout: 1723261269857
ipAddress: 127.30.38.147
logoutlocation:
  world: world
  x: -32.47482322473648
  y: 71.0
  z: 0.49185180054454447
  yaw: -86.962234
  pitch: 1.854763
money: '1240.0'
lastlocation:
  world: bio-hazard
  x: -63.07499998807907
  y: 66.0
  z: -2.300000011920929
  yaw: 18.443878
  pitch: -5.5158854
