lastAccountName: Briiqn
timestamps:
  login: 1723429454923
  logout: 1723429447913
ipAddress: 127.30.38.147
lastlocation:
  world: fruitcake
  x: -7.059101279284211
  y: 102.1707870772188
  z: 13.702077864432486
  yaw: -1.1244178
  pitch: 20.112726
money: '195.0'
logoutlocation:
  world: RailRoad
  x: -13.911964954474964
  y: 99.0
  z: -29.261529253542772
  yaw: -20.862272
  pitch: 39.22609
