lastAccountName: Briiqn
timestamps:
  login: 1723611848978
  logout: 1723611858089
  lastteleport: 1723441383658
ipAddress: 127.30.38.147
lastlocation:
  world: Submerged
  x: -7.52967090780411
  y: 48.87518719878482
  z: -27.738081825520332
  yaw: -31.855652
  pitch: 10.925558
money: '675.0'
logoutlocation:
  world: world
  x: 6.705248454126426
  y: 63.0
  z: -4.8646428027921385
  yaw: -111.10621
  pitch: 10.603079
