lastAccountName: Briiqn
timestamps:
  login: 1723614008381
  logout: 1723614083043
  lastteleport: 1723441383658
ipAddress: 127.30.38.147
lastlocation:
  world: Submerged
  x: 15.633255166283497
  y: 74.19274726440713
  z: -0.3414859452906005
  yaw: 98.57037
  pitch: 22.5787
money: '750.0'
logoutlocation:
  world: world
  x: -0.7365267395703088
  y: 65.0
  z: 3.8995895066148716
  yaw: -308.89465
  pitch: 29.13603
