lastAccountName: Briiqn
timestamps:
  login: 1723326120845
  logout: 1723326111595
  lastteleport: 1723264124538
ipAddress: 127.223.73.106
logoutlocation:
  world: world
  x: -1.9718101301200375
  y: 67.0
  z: -5.765536673127925
  yaw: -78.768425
  pitch: 11.044304
money: '1725.0'
lastlocation:
  world: bio-hazard
  x: -28.694351521247068
  y: -1057.1730765215948
  z: -18.562110745620547
  yaw: -285.7077
  pitch: 88.43269
godmode: true
