lastAccountName: Briiqn
timestamps:
  login: 1724012019991
  logout: 1724012028854
  lastteleport: 1723441383658
ipAddress: 127.30.38.147
lastlocation:
  world: Sanctuary
  x: -12.49450929587519
  y: 67.5
  z: -27.466110888992283
  yaw: 250.04108
  pitch: 3.8926373
money: '780.0'
logoutlocation:
  world: world
  x: 0.5701352035439278
  y: 65.0
  z: 0.5337684215245446
  yaw: -89.57925
  pitch: 0.8917029
godmode: true
