lastAccountName: Briiqn
timestamps:
  login: 1723364893024
  logout: 1723364901474
  lastteleport: 1723264124538
ipAddress: 127.30.38.147
logoutlocation:
  world: world
  x: -27.17565754672338
  y: 70.0
  z: -1.0151585930004972
  yaw: -168.3339
  pitch: 18.602407
money: '1725.0'
lastlocation:
  world: bio-hazard
  x: -28.694351521247068
  y: -1057.1730765215948
  z: -18.562110745620547
  yaw: -285.7077
  pitch: 88.43269
godmode: true
