lastAccountName: Briiqn
timestamps:
  login: 1724741571542
  logout: 1724741663108
  lastteleport: 1723441383658
ipAddress: 127.30.38.147
lastlocation:
  world: Sanctuary
  x: -12.49450929587519
  y: 67.5
  z: -27.466110888992283
  yaw: 250.04108
  pitch: 3.8926373
money: '785.0'
logoutlocation:
  world: Tundra
  x: 8.82774764266509
  y: 77.0000001
  z: -62.84593345265656
  yaw: 342.95935
  pitch: 40.777374
godmode: true
