lastAccountName: Briiqn
timestamps:
  login: 1723250071247
  logout: 1723250122358
ipAddress: 127.30.38.147
logoutlocation:
  world: world
  x: -13.52335194870451
  y: 28.170218350513085
  z: 17.892611666799702
  yaw: 183.47333
  pitch: 24.72914
money: '900.0'
lastlocation:
  world: rooftop
  x: -28.84180162758539
  y: -1.0846397568282344
  z: 73.57890505154917
  yaw: 179.7238
  pitch: 1.2685169
