lastAccountName: Briiqn
timestamps:
  login: 1723443732505
  logout: 1723443735406
  lastteleport: 1723441383658
ipAddress: 127.62.104.112
lastlocation:
  world: DessertedIslands
  x: -32.39905545103204
  y: 67.75982472340607
  z: 54.18409551423375
  yaw: 234.92014
  pitch: 44.393757
money: '435.0'
logoutlocation:
  world: world
  x: 0.5701352035439278
  y: 65.0
  z: 0.5337684215245446
  yaw: -89.7411
  pitch: 1.0535592
