lastAccountName: Briiqn
timestamps:
  login: 1724704570272
  logout: 1724704634530
  lastteleport: 1723264124538
ipAddress: 127.223.73.106
logoutlocation:
  world: world
  x: -10.658149994888781
  y: 67.0
  z: -2.1200616573464655
  yaw: 48.65064
  pitch: 9.518846
money: '2525.0'
lastlocation:
  world: orchestra
  x: -79.95621100591427
  y: -0.11941282421340915
  z: 7.2592800981394054
  yaw: 7.1572266
  pitch: -6.0495434
godmode: false
