lastAccountName: Briiqn
timestamps:
  login: 1723247640166
  logout: 1723248061616
ipAddress: 127.30.38.147
logoutlocation:
  world: world
  x: -32.47482322473648
  y: 71.0
  z: 0.49185180054454447
  yaw: -89.88387
  pitch: 2.8524027
money: '900.0'
lastlocation:
  world: rooftop
  x: -28.84180162758539
  y: -1.0846397568282344
  z: 73.57890505154917
  yaw: 179.7238
  pitch: 1.2685169
