lastAccountName: Briiqn
timestamps:
  login: 1723325013971
  logout: 1723324775945
  lastteleport: 1723264124538
ipAddress: 127.223.73.106
logoutlocation:
  world: world
  x: -7.252548151557945
  y: 67.0
  z: -0.13381123490869995
  yaw: -93.09057
  pitch: 4.277602
money: '1725.0'
lastlocation:
  world: bio-hazard
  x: -28.694351521247068
  y: -1057.1730765215948
  z: -18.562110745620547
  yaw: -285.7077
  pitch: 88.43269
godmode: true
