lastAccountName: Briiqn
timestamps:
  login: 1724742673113
  logout: 1724743186586
  lastteleport: 1724742731710
ipAddress: 127.30.38.147
lastlocation:
  world: Fossil
  x: -12.295684437730953
  y: 58.75289070560451
  z: -41.05702449702905
  yaw: -69.679276
  pitch: 29.943178
money: '845.0'
logoutlocation:
  world: world
  x: 19.177110720936803
  y: 63.0
  z: -0.8393349008947999
  yaw: -95.97251
  pitch: 1.2963438
godmode: true
