lastAccountName: Briiqn
timestamps:
  login: 1723602077987
  logout: 1723602139387
  lastteleport: 1723264124538
ipAddress: 127.30.38.147
logoutlocation:
  world: world
  x: -13.99980906969902
  y: 100.19702799020423
  z: -32.40105882542935
  yaw: 76.82673
  pitch: 49.548073
money: '1725.0'
lastlocation:
  world: bio-hazard
  x: -28.694351521247068
  y: -1057.1730765215948
  z: -18.562110745620547
  yaw: -285.7077
  pitch: 88.43269
godmode: true
