lastAccountName: Briiqn
timestamps:
  login: 1723616265348
  logout: 1723602139387
  lastteleport: 1723264124538
ipAddress: 127.30.38.147
logoutlocation:
  world: world
  x: -13.99980906969902
  y: 100.19702799020423
  z: -32.40105882542935
  yaw: 76.82673
  pitch: 49.548073
money: '1755.0'
lastlocation:
  world: orchestra
  x: -76.7181934651453
  y: -0.2669467855604948
  z: -17.807248677594888
  yaw: 5.005127
  pitch: -38.097157
godmode: false
