lastAccountName: Briiqn
timestamps:
  login: 1723358836283
  logout: 1723358831269
ipAddress: 127.30.38.147
logoutlocation:
  world: world
  x: 21.133757980283207
  y: 63.0
  z: -13.398953978048512
  yaw: 178.93066
  pitch: 13.824754
lastlocation:
  world: Mini81Q
  x: -0.7653522094058456
  y: 71.58230961125521
  z: -12.613919126139113
  yaw: -71.81354
  pitch: 24.322306
money: '405.0'
afk: false
