lastAccountName: Briiqn
timestamps:
  login: 1723324957764
  logout: 1723324961712
ipAddress: 127.223.73.106
logoutlocation:
  world: world
  x: 12.772433369892944
  y: 63.0
  z: 0.4837929611124583
  yaw: -90.09297
  pitch: -1.7613653
lastlocation:
  world: Mini81Q
  x: -0.7653522094058456
  y: 71.58230961125521
  z: -12.613919126139113
  yaw: -71.81354
  pitch: 24.322306
money: '405.0'
afk: false
