lastAccountName: Briiqn
timestamps:
  login: 1723240731698
  logout: 1723234634092
ipAddress: 127.30.38.147
logoutlocation:
  world: world
  x: -0.18864892181262438
  y: 123.50430339773293
  z: 34.80082099897837
  yaw: 156.67557
  pitch: 29.361124
money: '770.0'
lastlocation:
  world: rooftop
  x: -40.1551572037867
  y: -1.5161338643051772
  z: -2.699999988079073
  yaw: 97.65338
  pitch: 76.10466
