lastAccountName: Briiqn
timestamps:
  login: 1723611639383
  logout: 1723611635866
  lastteleport: 1723441383658
ipAddress: 127.30.38.147
lastlocation:
  world: DessertedIslands
  x: -32.39905545103204
  y: 67.75982472340607
  z: 54.18409551423375
  yaw: 234.92014
  pitch: 44.393757
money: '665.0'
logoutlocation:
  world: Entangled
  x: 0.5
  y: 75.0
  z: -69.5
  yaw: -0.16185635
  pitch: 0.16185635
