lastAccountName: Briiqn
timestamps:
  login: 1724742189329
  logout: 1724742196902
  lastteleport: 1724741739784
ipAddress: 127.30.38.147
lastlocation:
  world: Villa
  x: 6.1650862934855715
  y: 84.8192823587533
  z: 56.519086235916376
  yaw: 245.63162
  pitch: 22.395939
money: '790.0'
logoutlocation:
  world: world
  x: 8.744158079911148
  y: 63.0
  z: 0.38263092300703283
  yaw: 268.03445
  pitch: 5.341247
godmode: true
