lastAccountName: Briiqn
timestamps:
  login: 1724021589062
  logout: 1724017563608
  lastteleport: 1723441383658
ipAddress: 127.30.38.147
lastlocation:
  world: Sanctuary
  x: -12.49450929587519
  y: 67.5
  z: -27.466110888992283
  yaw: 250.04108
  pitch: 3.8926373
money: '780.0'
logoutlocation:
  world: world
  x: 10.457421316501891
  y: 63.0
  z: 0.3746988662272875
  yaw: -88.44628
  pitch: 2.9149077
godmode: true
