lastAccountName: Briiqn
timestamps:
  login: 1723616731347
  logout: 1723616727946
  lastteleport: 1723264124538
ipAddress: 127.30.38.147
logoutlocation:
  world: world
  x: -32.47482322473648
  y: 71.0
  z: 0.49185180054454447
  yaw: -89.88387
  pitch: 2.8524027
money: '1795.0'
lastlocation:
  world: hollow
  x: -52.93379834543591
  y: -0.008875925779226801
  z: -27.42534610255712
  yaw: 88.90452
  pitch: 6.2829566
godmode: false
