lastAccountName: Briiqn
timestamps:
  login: 1723680986246
  logout: 1723666296388
  lastteleport: 1723264124538
ipAddress: 127.30.38.147
logoutlocation:
  world: world
  x: 6.310129467580531
  y: 67.0
  z: -1.1127309475672233
  yaw: 355.38266
  pitch: 28.182856
money: '2220.0'
lastlocation:
  world: bio-hazard
  x: -86.53837134018724
  y: -2.5439599734077754
  z: 16.910082795927817
  yaw: 354.77814
  pitch: -44.74539
godmode: false
