lastAccountName: Briiqn
timestamps:
  login: 1725407197401
  logout: 1725406415451
  lastteleport: 1723264124538
ipAddress: 127.30.38.147
logoutlocation:
  world: world
  x: -38.17360856605685
  y: 100.02595376148517
  z: 45.291055342100236
  yaw: 237.8023
  pitch: 50.063995
money: '2525.0'
lastlocation:
  world: orchestra
  x: -79.95621100591427
  y: -0.11941282421340915
  z: 7.2592800981394054
  yaw: 7.1572266
  pitch: -6.0495434
godmode: false
