lastAccountName: Briiqn
timestamps:
  login: 1723928376302
  logout: 1723919086651
  lastteleport: 1723264124538
ipAddress: 127.30.38.147
logoutlocation:
  world: world
  x: 3.2568129648763584
  y: 68.0
  z: -18.11917975139375
  yaw: -75.45323
  pitch: 73.2482
money: '2240.0'
lastlocation:
  world: orchestra
  x: -8.366469273077062
  y: -1.1194128242134092
  z: 82.80672471950393
  yaw: 247.62294
  pitch: -62.22595
godmode: false
