lastAccountName: Briiqn
timestamps:
  login: 1723613141130
  logout: 1723613138422
  lastteleport: 1723441383658
ipAddress: 127.30.38.147
lastlocation:
  world: Submerged
  x: -7.52967090780411
  y: 48.87518719878482
  z: -27.738081825520332
  yaw: -31.855652
  pitch: 10.925558
money: '675.0'
logoutlocation:
  world: world
  x: 3.624174014020639
  y: 64.5
  z: 0.538623390680985
  yaw: -89.57925
  pitch: 0.8917029
