lastAccountName: Briiqn
timestamps:
  login: 1723243486458
  logout: 1723243483506
ipAddress: 127.30.38.147
logoutlocation:
  world: world
  x: -15.460004635456729
  y: 74.02670299729344
  z: -9.02654988596075
  yaw: 52.20826
  pitch: 4.8476253
money: '770.0'
lastlocation:
  world: rooftop
  x: -40.1551572037867
  y: -1.5161338643051772
  z: -2.699999988079073
  yaw: 97.65338
  pitch: 76.10466
