lastAccountName: Briiqn
timestamps:
  login: 1723275026935
  logout: 1723275030585
  lastteleport: 1723264124538
ipAddress: 127.30.38.147
logoutlocation:
  world: world
  x: -26.751393223228277
  y: 70.5
  z: -0.2715784102589707
  yaw: -96.15473
  pitch: 5.203982
money: '1725.0'
lastlocation:
  world: bio-hazard
  x: -28.694351521247068
  y: -1057.1730765215948
  z: -18.562110745620547
  yaw: -285.7077
  pitch: 88.43269
godmode: true
