lastAccountName: Briiqn
timestamps:
  login: 1725407241331
  logout: 1725406238955
  lastteleport: 1724742731710
ipAddress: 127.30.38.147
lastlocation:
  world: Fossil
  x: -12.295684437730953
  y: 58.75289070560451
  z: -41.05702449702905
  yaw: -69.679276
  pitch: 29.943178
money: '845.0'
logoutlocation:
  world: world
  x: 5.530878406710319
  y: 63.5
  z: 0.5486198847846737
  yaw: -89.57925
  pitch: 0.8917029
godmode: true
