lastAccountName: Briiqn
timestamps:
  login: 1724704570272
  logout: 1724017903006
  lastteleport: 1723264124538
ipAddress: 127.223.73.106
logoutlocation:
  world: world
  x: -27.30000001192094
  y: 72.0
  z: 6.012054839776671
  yaw: 276.78955
  pitch: 12.309289
money: '2525.0'
lastlocation:
  world: orchestra
  x: -79.95621100591427
  y: -0.11941282421340915
  z: 7.2592800981394054
  yaw: 7.1572266
  pitch: -6.0495434
godmode: false
