lastAccountName: Briiqn
timestamps:
  login: 1723440125416
  logout: 1723441415762
  lastteleport: 1723441383658
ipAddress: 127.30.38.147
lastlocation:
  world: DessertedIslands
  x: -32.39905545103204
  y: 67.75982472340607
  z: 54.18409551423375
  yaw: 234.92014
  pitch: 44.393757
money: '375.0'
logoutlocation:
  world: fruitcake
  x: 0.5
  y: 102.0
  z: -51.30000001192093
  yaw: 0.0
  pitch: 0.0
