lastAccountName: Briiqn
timestamps:
  login: 1723262173050
  logout: 1723261269857
  lastteleport: 1723264055188
ipAddress: 127.30.38.147
logoutlocation:
  world: world
  x: -21.1102232159537
  y: 69.5
  z: -0.37605525566077763
  yaw: -103.850716
  pitch: 10.04966
money: '1715.0'
lastlocation:
  world: bio-hazard
  x: -62.24900326858726
  y: 84.70300490000209
  z: 18.398351965565574
  yaw: 156.39777
  pitch: 46.88727
godmode: true
