lastAccountName: Briiqn
timestamps:
  login: 1723613141130
  logout: 1723613138422
  lastteleport: 1723441383658
ipAddress: 127.30.38.147
lastlocation:
  world: Submerged
  x: 15.633255166283497
  y: 74.19274726440713
  z: -0.3414859452906005
  yaw: 98.57037
  pitch: 22.5787
money: '750.0'
logoutlocation:
  world: world
  x: 3.624174014020639
  y: 64.5
  z: 0.538623390680985
  yaw: -89.57925
  pitch: 0.8917029
