lastAccountName: Briiqn
timestamps:
  login: 1723918017015
  logout: 1723918079151
  lastteleport: 1723264124538
ipAddress: 127.30.38.147
logoutlocation:
  world: world
  x: -32.093703540344514
  y: 71.0
  z: -3.27980861557423
  yaw: 264.58218
  pitch: 25.026848
money: '2220.0'
lastlocation:
  world: bio-hazard
  x: -86.53837134018724
  y: -2.5439599734077754
  z: 16.910082795927817
  yaw: 354.77814
  pitch: -44.74539
godmode: false
