lastAccountName: Briiqn
timestamps:
  login: 1723927838771
  logout: 1723928376299
  lastteleport: 1723441383658
ipAddress: 127.30.38.147
lastlocation:
  world: Sanctuary
  x: -12.49450929587519
  y: 67.5
  z: -27.466110888992283
  yaw: 250.04108
  pitch: 3.8926373
money: '780.0'
logoutlocation:
  world: world
  x: 26.97946181485065
  y: 63.0
  z: -20.115335221018796
  yaw: 356.66013
  pitch: 6.394828
godmode: true
