lastAccountName: Briiqn
timestamps:
  login: 1723625592217
  logout: 1723625643467
  lastteleport: 1723264124538
ipAddress: 127.30.38.147
logoutlocation:
  world: world
  x: 2.4196676890912068
  y: 67.0
  z: -10.55398760350806
  yaw: 319.01672
  pitch: 32.714745
money: '2220.0'
lastlocation:
  world: bio-hazard
  x: -86.53837134018724
  y: -2.5439599734077754
  z: 16.910082795927817
  yaw: 354.77814
  pitch: -44.74539
godmode: false
