lastAccountName: Briiqn
timestamps:
  login: 1723326264507
  logout: 1723326269655
ipAddress: 127.223.73.106
logoutlocation:
  world: world
  x: 0.4805297752731945
  y: 65.0
  z: 0.4876591904060934
  yaw: -90.59179
  pitch: -2.117665
lastlocation:
  world: Mini81Q
  x: -0.7653522094058456
  y: 71.58230961125521
  z: -12.613919126139113
  yaw: -71.81354
  pitch: 24.322306
money: '405.0'
afk: false
