lastAccountName: Briiqn
timestamps:
  login: 1723242102908
  logout: 1723241765942
ipAddress: 127.30.38.147
logoutlocation:
  world: world
  x: -0.5890939000895097
  y: 68.0
  z: -7.739031477089071
  yaw: -35.0188
  pitch: 18.458324
money: '770.0'
lastlocation:
  world: rooftop
  x: -40.1551572037867
  y: -1.5161338643051772
  z: -2.699999988079073
  yaw: 97.65338
  pitch: 76.10466
