lastAccountName: Briiqn
timestamps:
  login: 1723928376302
  logout: 1723919086651
  lastteleport: 1723264124538
ipAddress: 127.30.38.147
logoutlocation:
  world: world
  x: 3.2568129648763584
  y: 68.0
  z: -18.11917975139375
  yaw: -75.45323
  pitch: 73.2482
money: '2290.0'
lastlocation:
  world: polemus
  x: -70.66232910760945
  y: 98.63350396919665
  z: -27.08126704184809
  yaw: -33.20679
  pitch: 10.28985
godmode: false
