lastAccountName: Briiqn
timestamps:
  login: 1723928376302
  logout: 1723919086651
  lastteleport: 1723264124538
ipAddress: 127.30.38.147
logoutlocation:
  world: world
  x: 3.2568129648763584
  y: 68.0
  z: -18.11917975139375
  yaw: -75.45323
  pitch: 73.2482
money: '2220.0'
lastlocation:
  world: bio-hazard
  x: -86.53837134018724
  y: -2.5439599734077754
  z: 16.910082795927817
  yaw: 354.77814
  pitch: -44.74539
godmode: false
