lastAccountName: Briiqn
timestamps:
  login: 1723611639383
  logout: 1723611635866
  lastteleport: 1723441383658
ipAddress: 127.30.38.147
lastlocation:
  world: Tundra
  x: -1.337013140239086
  y: 77.41999998688698
  z: -61.12036027532548
  yaw: 2.1038737
  pitch: 17.245861
money: '670.0'
logoutlocation:
  world: Entangled
  x: 0.5
  y: 75.0
  z: -69.5
  yaw: -0.16185635
  pitch: 0.16185635
