lastAccountName: Briiqn
timestamps:
  login: 1723611535305
  logout: 1723611403275
  lastteleport: 1723441383658
ipAddress: 127.30.38.147
lastlocation:
  world: DessertedIslands
  x: -32.39905545103204
  y: 67.75982472340607
  z: 54.18409551423375
  yaw: 234.92014
  pitch: 44.393757
money: '555.0'
logoutlocation:
  world: world
  x: -11.558220829888821
  y: 66.0
  z: -12.300000011920929
  yaw: -238.16428
  pitch: 45.80693
