lastAccountName: Briiqn
timestamps:
  login: 1723612315895
  logout: 1723611979000
  lastteleport: 1723441383658
ipAddress: 127.30.38.147
lastlocation:
  world: Submerged
  x: -7.52967090780411
  y: 48.87518719878482
  z: -27.738081825520332
  yaw: -31.855652
  pitch: 10.925558
money: '675.0'
logoutlocation:
  world: world
  x: 5.242986761953965
  y: 65.16610926093821
  z: 3.3913587925993287
  yaw: 91.456665
  pitch: 16.915506
