lastAccountName: Briiqn
timestamps:
  login: 1723250148807
  logout: 1723250232357
ipAddress: 127.30.38.147
logoutlocation:
  world: world
  x: -6.218481362689089
  y: 67.0
  z: 2.048103277992876
  yaw: -54.966908
  pitch: 9.621584
money: '900.0'
lastlocation:
  world: rooftop
  x: -28.84180162758539
  y: -1.0846397568282344
  z: 73.57890505154917
  yaw: 179.7238
  pitch: 1.2685169
