lastAccountName: Briiqn
timestamps:
  login: 1723242254808
  logout: 1723242251007
ipAddress: 127.30.38.147
logoutlocation:
  world: world
  x: -0.7424424576763844
  y: 69.75898853155388
  z: -8.616905073275268
  yaw: -310.21893
  pitch: 31.427675
money: '770.0'
lastlocation:
  world: rooftop
  x: -40.1551572037867
  y: -1.5161338643051772
  z: -2.699999988079073
  yaw: 97.65338
  pitch: 76.10466
