lastAccountName: Briiqn
timestamps:
  login: 1723426877975
  logout: 1723424804476
  lastteleport: 1723264124538
ipAddress: 127.30.38.147
logoutlocation:
  world: world
  x: -18.35121515180402
  y: 68.0
  z: -3.699999988079071
  yaw: -123.61327
  pitch: 6.4751935
money: '1725.0'
lastlocation:
  world: bio-hazard
  x: -28.694351521247068
  y: -1057.1730765215948
  z: -18.562110745620547
  yaw: -285.7077
  pitch: 88.43269
godmode: true
