lastAccountName: Briiqn
timestamps:
  login: 1723494423752
  logout: 1723494425403
  lastteleport: 1723264124538
ipAddress: 127.30.38.147
logoutlocation:
  world: world
  x: -27.37004237760611
  y: 70.5
  z: 0.5280349819640547
  yaw: -88.237854
  pitch: 5.25808
money: '1725.0'
lastlocation:
  world: bio-hazard
  x: -28.694351521247068
  y: -1057.1730765215948
  z: -18.562110745620547
  yaw: -285.7077
  pitch: 88.43269
godmode: true
