lastAccountName: Briiqn
timestamps:
  login: 1723359175839
  logout: 1723359176087
  lastteleport: 1723264124538
ipAddress: 127.30.38.147
logoutlocation:
  world: world
  x: -31.347488489089965
  y: 71.0
  z: -1.5305982356306895
  yaw: 209.1416
  pitch: 22.803493
money: '1725.0'
lastlocation:
  world: bio-hazard
  x: -28.694351521247068
  y: -1057.1730765215948
  z: -18.562110745620547
  yaw: -285.7077
  pitch: 88.43269
godmode: true
