lastAccountName: Briiqn
timestamps:
  login: 1723359312051
  logout: 1723360121087
  lastteleport: 1723264124538
ipAddress: 127.30.38.147
logoutlocation:
  world: world
  x: -32.47482322473648
  y: 71.0
  z: 0.49185180054454447
  yaw: 273.83057
  pitch: 7.4826527
money: '1725.0'
lastlocation:
  world: bio-hazard
  x: -28.694351521247068
  y: -1057.1730765215948
  z: -18.562110745620547
  yaw: -285.7077
  pitch: 88.43269
godmode: true
