lastAccountName: Briiqn
timestamps:
  login: 1723616265348
  logout: 1723602139387
  lastteleport: 1723264124538
ipAddress: 127.30.38.147
logoutlocation:
  world: world
  x: -13.99980906969902
  y: 100.19702799020423
  z: -32.40105882542935
  yaw: 76.82673
  pitch: 49.548073
money: '1750.0'
lastlocation:
  world: orchestra
  x: -38.944632666844086
  y: 80.0
  z: -9.15899268626932
  yaw: -268.61703
  pitch: -0.060839377
godmode: false
