lastAccountName: Briiqn
timestamps:
  login: 1724013924961
  logout: 1724013945506
  lastteleport: 1723264124538
ipAddress: 127.30.38.147
logoutlocation:
  world: world
  x: -9.255233406775742
  y: 70.0625
  z: -28.280848040222345
  yaw: -156.32596
  pitch: 14.8297615
money: '2320.0'
lastlocation:
  world: polemus
  x: 4.391754895719627
  y: 75.0
  z: 70.9641098294317
  yaw: 57.43405
  pitch: 73.332924
godmode: false
