lastAccountName: Briiqn
timestamps:
  login: 1723424800477
  logout: 1723424804476
  lastteleport: 1723264124538
ipAddress: 127.30.38.147
logoutlocation:
  world: world
  x: -8.7956502512129
  y: 67.0
  z: -2.189784909046114
  yaw: -100.77279
  pitch: 6.65084
money: '1725.0'
lastlocation:
  world: bio-hazard
  x: -28.694351521247068
  y: -1057.1730765215948
  z: -18.562110745620547
  yaw: -285.7077
  pitch: 88.43269
godmode: true
