lastAccountName: Briiqn
timestamps:
  login: 1723359056183
  logout: 1723359051532
ipAddress: 127.30.38.147
logoutlocation:
  world: world
  x: 3.2452774525165595
  y: 65.0
  z: -0.31772703408501357
  yaw: 251.89551
  pitch: 16.746393
lastlocation:
  world: Mini81Q
  x: -0.7653522094058456
  y: 71.58230961125521
  z: -12.613919126139113
  yaw: -71.81354
  pitch: 24.322306
money: '405.0'
afk: false
