lastAccountName: Briiqn
timestamps:
  login: 1723429454923
  logout: 1723429447913
ipAddress: 127.30.38.147
lastlocation:
  world: Onionring
  x: -1.8768230384741074
  y: 90.5
  z: -29.459810557840445
  yaw: 18.769318
  pitch: 21.486895
money: '205.0'
logoutlocation:
  world: RailRoad
  x: -13.911964954474964
  y: 99.0
  z: -29.261529253542772
  yaw: -20.862272
  pitch: 39.22609
