lastAccountName: Briiqn
timestamps:
  login: 1723242481407
  logout: 1723242478507
ipAddress: 127.30.38.147
logoutlocation:
  world: world
  x: -34.321110809540514
  y: 85.46905848440986
  z: -13.330002358628223
  yaw: -85.25723
  pitch: 23.588959
money: '770.0'
lastlocation:
  world: rooftop
  x: -40.1551572037867
  y: -1.5161338643051772
  z: -2.699999988079073
  yaw: 97.65338
  pitch: 76.10466
