lastAccountName: Briiqn
timestamps:
  login: 1723363220241
  logout: 1723363223127
ipAddress: 127.30.38.147
lastlocation:
  world: Fossil
  x: -12.937061172606823
  y: -64.1768963798221
  z: -47.77648593442911
  yaw: -71.534546
  pitch: 55.367805
money: '125.0'
logoutlocation:
  world: world
  x: 5.449679861661513
  y: 63.5
  z: 0.07401000178088972
  yaw: 238.08875
  pitch: 15.605326
