lastAccountName: Briiqn
timestamps:
  login: 1724011636212
  logout: 1724011352499
  lastteleport: 1723441383658
ipAddress: 127.30.38.147
lastlocation:
  world: Sanctuary
  x: -12.49450929587519
  y: 67.5
  z: -27.466110888992283
  yaw: 250.04108
  pitch: 3.8926373
money: '780.0'
logoutlocation:
  world: world
  x: 36.36531460717325
  y: 63.0
  z: 0.642006635278338
  yaw: -89.57925
  pitch: 0.8917029
godmode: true
