lastAccountName: Briiqn
timestamps:
  login: 1723340419567
  logout: 1723326421595
  lastteleport: 1723264124538
ipAddress: 127.30.38.147
logoutlocation:
  world: world
  x: -30.140935601041985
  y: 71.0
  z: 0.4930352521271639
  yaw: -89.88387
  pitch: 2.8524027
money: '1725.0'
lastlocation:
  world: bio-hazard
  x: -28.694351521247068
  y: -1057.1730765215948
  z: -18.562110745620547
  yaw: -285.7077
  pitch: 88.43269
godmode: true
