lastAccountName: Briiqn
timestamps:
  login: 1723611639383
  logout: 1723611845089
  lastteleport: 1723441383658
ipAddress: 127.30.38.147
lastlocation:
  world: Submerged
  x: -7.52967090780411
  y: 48.87518719878482
  z: -27.738081825520332
  yaw: -31.855652
  pitch: 10.925558
money: '675.0'
logoutlocation:
  world: DessertedIslands
  x: 0.300000011920929
  y: 39.0
  z: -59.30000001192093
  yaw: -14.809842
  pitch: 28.324888
