lastAccountName: Briiqn
timestamps:
  login: 1723245426316
  logout: 1723244791616
ipAddress: 127.30.38.147
logoutlocation:
  world: world
  x: -14.752753631363703
  y: 67.0546255304959
  z: -0.8452477044691509
  yaw: -95.51334
  pitch: 8.909496
money: '770.0'
lastlocation:
  world: rooftop
  x: -40.1551572037867
  y: -1.5161338643051772
  z: -2.699999988079073
  yaw: 97.65338
  pitch: 76.10466
