lastAccountName: Briiqn
timestamps:
  login: 1723431574725
  logout: 1723431884475
  lastteleport: 1723264124538
ipAddress: 127.223.73.106
logoutlocation:
  world: world
  x: 0.9730070416997577
  y: 67.0
  z: -3.938026006855797
  yaw: -23.953186
  pitch: 11.597054
money: '1725.0'
lastlocation:
  world: bio-hazard
  x: -28.694351521247068
  y: -1057.1730765215948
  z: -18.562110745620547
  yaw: -285.7077
  pitch: 88.43269
godmode: true
