lastAccountName: Briiqn
timestamps:
  login: 1723241656334
  logout: 1723241765942
ipAddress: 127.30.38.147
logoutlocation:
  world: world
  x: -4.488203431124977
  y: 70.0
  z: -24.525338130794033
  yaw: -151.66602
  pitch: -2.5633438
money: '770.0'
lastlocation:
  world: rooftop
  x: -40.1551572037867
  y: -1.5161338643051772
  z: -2.699999988079073
  yaw: 97.65338
  pitch: 76.10466
