lastAccountName: Briiqn
timestamps:
  login: 1723428788169
  logout: 1723414121068
ipAddress: 127.30.38.147
lastlocation:
  world: Fossil
  x: -12.937061172606823
  y: -64.1768963798221
  z: -47.77648593442911
  yaw: -71.534546
  pitch: 55.367805
money: '180.0'
logoutlocation:
  world: world
  x: 7.17783679052151
  y: 63.0
  z: -5.246675867064701
  yaw: 228.68994
  pitch: 15.249742
