lastAccountName: Briiqn
timestamps:
  login: 1723929950917
  logout: 1723929954205
  lastteleport: 1723441383658
ipAddress: 127.30.38.147
lastlocation:
  world: Sanctuary
  x: -12.49450929587519
  y: 67.5
  z: -27.466110888992283
  yaw: 250.04108
  pitch: 3.8926373
money: '780.0'
logoutlocation:
  world: world
  x: 6.407037860859778
  y: 63.5
  z: 0.5800370021514738
  yaw: -86.42308
  pitch: 0.64891845
godmode: true
