lastAccountName: Briiqn
timestamps:
  login: 1723745456525
  logout: 1723745466139
  lastteleport: 1723264124538
ipAddress: 127.30.38.147
logoutlocation:
  world: world
  x: -17.580281997017003
  y: 68.0
  z: 1.7039873149164961
  yaw: -122.65959
  pitch: -1.760504
money: '2220.0'
lastlocation:
  world: bio-hazard
  x: -86.53837134018724
  y: -2.5439599734077754
  z: 16.910082795927817
  yaw: 354.77814
  pitch: -44.74539
godmode: false
