lastAccountName: Briiqn
timestamps:
  login: 1723929128301
  logout: 1723929174151
  lastteleport: 1723264124538
ipAddress: 127.30.38.147
logoutlocation:
  world: world
  x: 5.699999988079071
  y: 67.0
  z: -15.481438396038527
  yaw: 270.32922
  pitch: 73.260185
money: '2320.0'
lastlocation:
  world: polemus
  x: 4.391754895719627
  y: 75.0
  z: 70.9641098294317
  yaw: 57.43405
  pitch: 73.332924
godmode: false
