lastAccountName: Briiqn
timestamps:
  login: 1723242886908
  logout: 1723243231007
ipAddress: 127.30.38.147
logoutlocation:
  world: world
  x: 3.924748721716063
  y: 70.96209041448236
  z: 2.678240298160528
  yaw: 219.17091
  pitch: 15.322271
money: '770.0'
lastlocation:
  world: rooftop
  x: -40.1551572037867
  y: -1.5161338643051772
  z: -2.699999988079073
  yaw: 97.65338
  pitch: 76.10466
