lastAccountName: Briiqn
timestamps:
  login: 1723258732407
  logout: 1723258992357
ipAddress: 127.30.38.147
logoutlocation:
  world: world
  x: -8.813549759034757
  y: 67.0
  z: -4.5826350292706195
  yaw: -128.29271
  pitch: 6.4866667
money: '900.0'
lastlocation:
  world: rooftop
  x: -28.84180162758539
  y: -1.0846397568282344
  z: 73.57890505154917
  yaw: 179.7238
  pitch: 1.2685169
