lastAccountName: Briiqn
timestamps:
  login: 1723613141130
  logout: 1723613138422
  lastteleport: 1723441383658
ipAddress: 127.30.38.147
lastlocation:
  world: Clearing
  x: -19.830265854388283
  y: 49.0
  z: -48.60858967671625
  yaw: -67.72925
  pitch: 11.985707
money: '745.0'
logoutlocation:
  world: world
  x: 3.624174014020639
  y: 64.5
  z: 0.538623390680985
  yaw: -89.57925
  pitch: 0.8917029
