lastAccountName: Briiqn
timestamps:
  login: 1724742673113
  logout: 1724742316002
  lastteleport: 1724742731710
ipAddress: 127.30.38.147
lastlocation:
  world: Fossil
  x: -12.295684437730953
  y: 58.75289070560451
  z: -41.05702449702905
  yaw: -69.679276
  pitch: 29.943178
money: '790.0'
logoutlocation:
  world: world
  x: 23.899603190069044
  y: 63.0
  z: -4.675236396963635
  yaw: 292.36456
  pitch: -14.486144
godmode: true
