lastAccountName: Briiqn
timestamps:
  login: 1723428946098
  logout: 1723414121068
ipAddress: 127.30.38.147
lastlocation:
  world: fruitcake
  x: -7.059101279284211
  y: 102.1707870772188
  z: 13.702077864432486
  yaw: -1.1244178
  pitch: 20.112726
money: '190.0'
logoutlocation:
  world: world
  x: 7.17783679052151
  y: 63.0
  z: -5.246675867064701
  yaw: 228.68994
  pitch: 15.249742
