lastAccountName: Briiqn
timestamps:
  login: 1723247241796
  logout: 1723247342297
ipAddress: 127.30.38.147
logoutlocation:
  world: world
  x: 20.618353290002396
  y: 63.0
  z: -5.1911852521678625
  yaw: -52.542145
  pitch: 6.433529
lastlocation:
  world: Mini81Q
  x: -0.7653522094058456
  y: 71.58230961125521
  z: -12.613919126139113
  yaw: -71.81354
  pitch: 24.322306
money: '405.0'
afk: false
