lastAccountName: Briiqn
timestamps:
  login: 1723259115607
  logout: 1723260037357
ipAddress: 127.30.38.147
logoutlocation:
  world: world
  x: 58.31226334066351
  y: 89.5
  z: 0.5033535555224158
  yaw: -90.38268
  pitch: 4.562642
money: '900.0'
lastlocation:
  world: rooftop
  x: -28.84180162758539
  y: -1.0846397568282344
  z: 73.57890505154917
  yaw: 179.7238
  pitch: 1.2685169
