lastAccountName: Briiqn
timestamps:
  login: 1723264776537
  logout: 1723264867286
  lastteleport: 1723264124538
ipAddress: 127.223.73.106
logoutlocation:
  world: world
  x: -22.706151001646713
  y: 70.0
  z: -0.20122481315243387
  yaw: -296.68005
  pitch: 28.363342
money: '1725.0'
lastlocation:
  world: bio-hazard
  x: -28.694351521247068
  y: -1057.1730765215948
  z: -18.562110745620547
  yaw: -285.7077
  pitch: 88.43269
godmode: true
