lastAccountName: Briiqn
timestamps:
  login: 1723274987897
  logout: 1723274988089
ipAddress: 127.30.38.147
logoutlocation:
  world: world
  x: 6.923411942276388
  y: 63.0
  z: 0.4586500587714273
  yaw: -91.375626
  pitch: 1.0890334
lastlocation:
  world: Mini81Q
  x: -0.7653522094058456
  y: 71.58230961125521
  z: -12.613919126139113
  yaw: -71.81354
  pitch: 24.322306
money: '405.0'
afk: false
