lastAccountName: Briiqn
timestamps:
  login: 1723927838771
  logout: 1723928022907
  lastteleport: 1723441383658
ipAddress: 127.30.38.147
lastlocation:
  world: Plateau
  x: 6.158687202659337
  y: -65.84975707975518
  z: -27.70603317188147
  yaw: -252.3355
  pitch: -51.07353
money: '775.0'
logoutlocation:
  world: Senti
  x: 0.699999988079071
  y: 83.0
  z: -47.30000001192093
  yaw: -9.954176
  pitch: 29.134132
godmode: false
