lastAccountName: Briiqn
timestamps:
  login: 1725407241331
  logout: 1725407269099
  lastteleport: 1724742731710
ipAddress: 127.30.38.147
lastlocation:
  world: Fossil
  x: -12.295684437730953
  y: 58.75289070560451
  z: -41.05702449702905
  yaw: -69.679276
  pitch: 29.943178
money: '845.0'
logoutlocation:
  world: world
  x: 47.63308928360222
  y: 64.0
  z: 9.699999988079071
  yaw: 71.39373
  pitch: 24.853336
godmode: true
