lastAccountName: Briiqn
timestamps:
  login: 1723358342858
  logout: 1723340698431
  lastteleport: 1723264124538
ipAddress: 127.30.38.147
logoutlocation:
  world: world
  x: 0.30000001192092507
  y: 67.0
  z: 9.78239259976433
  yaw: 107.93389
  pitch: 17.888288
money: '1725.0'
lastlocation:
  world: bio-hazard
  x: -28.694351521247068
  y: -1057.1730765215948
  z: -18.562110745620547
  yaw: -285.7077
  pitch: 88.43269
godmode: true
