lastAccountName: Briiqn
timestamps:
  login: 1724741571542
  logout: 1724021617336
  lastteleport: 1723441383658
ipAddress: 127.30.38.147
lastlocation:
  world: Sanctuary
  x: -12.49450929587519
  y: 67.5
  z: -27.466110888992283
  yaw: 250.04108
  pitch: 3.8926373
money: '780.0'
logoutlocation:
  world: world
  x: 19.96214188944903
  y: 63.0
  z: -1.4685081190596583
  yaw: 98.82165
  pitch: 27.840805
godmode: true
