lastAccountName: Briiqn
timestamps:
  login: 1723600068837
  logout: 1723600231887
  lastteleport: 1723264124538
ipAddress: 127.30.38.147
logoutlocation:
  world: world
  x: 43.27469413555504
  y: 113.45113204719652
  z: -17.376053333893452
  yaw: -73.53574
  pitch: 23.408165
money: '1725.0'
lastlocation:
  world: bio-hazard
  x: -28.694351521247068
  y: -1057.1730765215948
  z: -18.562110745620547
  yaw: -285.7077
  pitch: 88.43269
godmode: true
