lastAccountName: Briiqn
timestamps:
  login: 1723611639383
  logout: 1723611635866
  lastteleport: 1723441383658
ipAddress: 127.30.38.147
lastlocation:
  world: Submerged
  x: -7.52967090780411
  y: 48.87518719878482
  z: -27.738081825520332
  yaw: -31.855652
  pitch: 10.925558
money: '675.0'
logoutlocation:
  world: Entangled
  x: 0.5
  y: 75.0
  z: -69.5
  yaw: -0.16185635
  pitch: 0.16185635
