lastAccountName: Briiqn
timestamps:
  login: 1723247241796
  logout: 1723247001896
ipAddress: 127.30.38.147
logoutlocation:
  world: world
  x: 35.694539639711934
  y: 64.0
  z: -23.091145197458793
  yaw: -129.42831
  pitch: 7.146131
lastlocation:
  world: Mini81Q
  x: -0.7653522094058456
  y: 71.58230961125521
  z: -12.613919126139113
  yaw: -71.81354
  pitch: 24.322306
money: '345.0'
afk: false
