lastAccountName: Briiqn
timestamps:
  login: 1724011636212
  logout: 1724011676655
  lastteleport: 1723441383658
ipAddress: 127.30.38.147
lastlocation:
  world: Sanctuary
  x: -12.49450929587519
  y: 67.5
  z: -27.466110888992283
  yaw: 250.04108
  pitch: 3.8926373
money: '780.0'
logoutlocation:
  world: world
  x: 39.69143133435864
  y: 64.0
  z: 1.699999988079071
  yaw: -89.57925
  pitch: 0.8917029
godmode: true
