lastAccountName: Briiqn
timestamps:
  login: 1723326120845
  logout: 1723326249095
  lastteleport: 1723264124538
ipAddress: 127.223.73.106
logoutlocation:
  world: world
  x: -20.662787511703016
  y: 69.0
  z: 3.132873141762246
  yaw: 93.682045
  pitch: 13.969068
money: '1725.0'
lastlocation:
  world: bio-hazard
  x: -28.694351521247068
  y: -1057.1730765215948
  z: -18.562110745620547
  yaw: -285.7077
  pitch: 88.43269
godmode: true
