lastAccountName: Briiqn
timestamps:
  login: 1723428946098
  logout: 1723414121068
ipAddress: 127.30.38.147
lastlocation:
  world: Entangled
  x: -15.18015648178949
  y: 64.21360000610352
  z: -61.69999998807907
  yaw: 181.88896
  pitch: -1.4990915
money: '185.0'
logoutlocation:
  world: world
  x: 7.17783679052151
  y: 63.0
  z: -5.246675867064701
  yaw: 228.68994
  pitch: 15.249742
