lastAccountName: Briiqn
timestamps:
  login: 1723414012656
  logout: 1723408075465
  lastteleport: 1723264124538
ipAddress: 127.30.38.147
logoutlocation:
  world: world
  x: -18.68046046412595
  y: 68.0
  z: -3.02441896272758
  yaw: 266.30957
  pitch: 5.4159513
money: '1725.0'
lastlocation:
  world: bio-hazard
  x: -28.694351521247068
  y: -1057.1730765215948
  z: -18.562110745620547
  yaw: -285.7077
  pitch: 88.43269
godmode: true
