lastAccountName: Briiqn
timestamps:
  login: 1723929945401
  logout: 1723929946651
  lastteleport: 1723264124538
ipAddress: 127.30.38.147
logoutlocation:
  world: world
  x: -21.194738359090415
  y: 69.5
  z: 0.498820641228384
  yaw: -89.88387
  pitch: 2.8524027
money: '2320.0'
lastlocation:
  world: polemus
  x: 4.391754895719627
  y: 75.0
  z: 70.9641098294317
  yaw: 57.43405
  pitch: 73.332924
godmode: false
