lastAccountName: Briiqn
timestamps:
  login: 1724742673113
  logout: 1724742316002
  lastteleport: 1724741739784
ipAddress: 127.30.38.147
lastlocation:
  world: Villa
  x: 6.1650862934855715
  y: 84.8192823587533
  z: 56.519086235916376
  yaw: 245.63162
  pitch: 22.395939
money: '790.0'
logoutlocation:
  world: world
  x: 23.899603190069044
  y: 63.0
  z: -4.675236396963635
  yaw: 292.36456
  pitch: -14.486144
godmode: true
