lastAccountName: Briiqn
timestamps:
  login: 1723362628127
  logout: 1723362636474
  lastteleport: 1723264124538
ipAddress: 127.30.38.147
logoutlocation:
  world: world
  x: -9.308959378782804
  y: 67.0
  z: -6.446766422761055
  yaw: -85.92948
  pitch: 11.40046
money: '1725.0'
lastlocation:
  world: bio-hazard
  x: -28.694351521247068
  y: -1057.1730765215948
  z: -18.562110745620547
  yaw: -285.7077
  pitch: 88.43269
godmode: true
