lastAccountName: Knight_Sparrow
timestamps:
  login: 1604962116155
  logout: 1604962138831
ipAddress: 127.0.0.1
logoutlocation:
  world: world
  x: 241.81913874822914
  y: 52.0
  z: 1341.727378787318
  yaw: -13.199991
  pitch: 19.8
