lastAccountName: HydroSlimeXD
timestamps:
  login: 1611610141270
  logout: 1611610793732
ipAddress: 192.168.0.60
lastlocation:
  world: fruitcake
  x: -25.5
  y: 102.0
  z: -44.5
  yaw: 0.0
  pitch: 0.0
money: '5.0'
logoutlocation:
  world: world
  x: 0.5701352035439278
  y: 65.0
  z: 0.5337684215245446
  yaw: -89.57925
  pitch: 0.8917029
