lastAccountName: Dusty
timestamps:
  login: 1610330141746
  logout: 1610330183925
ipAddress: 192.168.0.18
logoutlocation:
  world: world
  x: 10.707407609122802
  y: 63.0
  z: -1.4660003079561437
  yaw: -79.67921
  pitch: 28.049995
