lastAccountName: BadBoyHalo
timestamps:
  login: 1622924779738
  logout: 1622926044463
ipAddress: 192.168.0.14
money: '75.0'
logoutlocation:
  world: world
  x: 30.257184645374725
  y: 63.0
  z: -14.45810574120915
  yaw: -179.37756
  pitch: 17.826727
