lastAccountName: Mad_Pickaxe
timestamps:
  login: 1615597910088
  logout: 1615599083169
  lastteleport: 1611610156688
ipAddress: 192.168.0.40
logoutlocation:
  world: Jinzhu
  x: 92.21610247703398
  y: 14.476238296345334
  z: 18.47483904334851
  yaw: -352.90536
  pitch: 21.049522
money: '9955.0'
lastlocation:
  world: DessertedIslands
  x: 5.883967944209752
  y: -64.49766903239855
  z: -60.24628941583752
  yaw: -26.323545
  pitch: -58.7515
afk: false
nickname: Mad_Pickaxe
