lastAccountName: joebobdude
timestamps:
  login: 1609398617491
  logout: 1609398661878
ipAddress: 192.168.0.35
logoutlocation:
  world: world
  x: 239.8020500052384
  y: 52.0
  z: 1338.9899430753687
  yaw: -28.8
  pitch: 19.8
