lastAccountName: arnavbirari
timestamps:
  login: 1611290342396
  logout: 1611290432849
ipAddress: 171.50.230.203
logoutlocation:
  world: world
  x: 6.837588701824251
  y: 63.0
  z: 3.6142935158739546
  yaw: -21.884125
  pitch: 14.347752
