lastAccountName: ShortyDev
timestamps:
  login: 1723246398117
  logout: 1723246399167
ipAddress: 127.16.144.220
logoutlocation:
  world: world
  x: 6.8925856427582035
  y: 63.0
  z: 0.14969114847873038
  yaw: -101.08015
  pitch: -2.5604284
lastlocation:
  world: Mini9E
  x: 7.129817506339931
  y: 67.0
  z: -6.998593437501549
  yaw: 347.77066
  pitch: 2.1026661
money: '5.0'
