lastAccountName: ShortyDev
timestamps:
  login: 1723928368601
  logout: 1723652666316
ipAddress: 127.16.144.220
logoutlocation:
  world: world
  x: 0.038121107004448096
  y: 67.0
  z: -7.699999988079076
  yaw: -187.01215
  pitch: 5.5954933
money: '435.0'
lastlocation:
  world: orchestra
  x: -21.768054179434706
  y: 81.54756192909953
  z: -80.3422178444157
  yaw: 283.08167
  pitch: 35.56386
