lastAccountName: ShortyDev
timestamps:
  login: 1723651945167
  logout: 1723251109857
ipAddress: 127.16.144.220
logoutlocation:
  world: world
  x: -18.303580026683118
  y: 68.5
  z: 0.8308718661833125
  yaw: -83.691124
  pitch: 8.4458475
money: '165.0'
lastlocation:
  world: hollow
  x: -63.69999998807907
  y: 66.0
  z: -20.693655994670273
  yaw: -225.77893
  pitch: -7.9164157
