lastAccountName: ShortyDev
timestamps:
  login: 1723929114202
  logout: 1723929056653
ipAddress: 127.16.144.220
logoutlocation:
  world: world
  x: -17.765838231080313
  y: 68.0
  z: -2.421510551259255
  yaw: -277.56418
  pitch: 4.2507644
money: '580.0'
lastlocation:
  world: orchestra
  x: 18.83906014346686
  y: 83.0
  z: 80.22016978980812
  yaw: 298.9613
  pitch: 79.61216
