lastAccountName: ShortyDev
timestamps:
  login: 1723246534416
  logout: 1723246536616
ipAddress: 127.16.144.220
logoutlocation:
  world: world
  x: -29.893365390748798
  y: 71.0
  z: 0.5125952757528363
  yaw: -88.4855
  pitch: 7.147371
