lastAccountName: ShortyDev
timestamps:
  login: 1723928287745
  logout: 1723928365989
ipAddress: 127.16.144.220
logoutlocation:
  world: world
  x: 25.422717911209244
  y: 63.0
  z: 2.1643214654995586
  yaw: 202.47849
  pitch: 14.975196
money: '25.0'
