lastAccountName: ShortyDev
timestamps:
  login: 1723928368601
  logout: 1723652666316
ipAddress: 127.16.144.220
logoutlocation:
  world: world
  x: 0.038121107004448096
  y: 67.0
  z: -7.699999988079076
  yaw: -187.01215
  pitch: 5.5954933
money: '440.0'
lastlocation:
  world: orchestra
  x: -74.54032253407601
  y: -1.0590139517576898
  z: -12.675636557811746
  yaw: 115.558136
  pitch: -83.50761
