lastAccountName: ShortyDev
timestamps:
  login: 1723928368601
  logout: 1723652666316
ipAddress: 127.16.144.220
logoutlocation:
  world: world
  x: 0.038121107004448096
  y: 67.0
  z: -7.699999988079076
  yaw: -187.01215
  pitch: 5.5954933
money: '370.0'
lastlocation:
  world: orchestra
  x: -76.1687936367737
  y: -0.2669467855604948
  z: -40.48218199121585
  yaw: 108.36545
  pitch: -44.841988
