lastAccountName: ShortyDev
timestamps:
  login: 1725297139936
  logout: 1725297143665
ipAddress: 127.218.65.121
logoutlocation:
  world: world
  x: 11.382960636216733
  y: 63.0
  z: 0.4974569709864938
  yaw: -91.17738
  pitch: 1.6907666
money: '25.0'
