lastAccountName: ShortyDev
timestamps:
  login: 1723929060891
  logout: 1723929063280
ipAddress: 127.16.144.220
logoutlocation:
  world: world
  x: 2.372762457559917
  y: 65.0
  z: 0.49085360953711477
  yaw: -93.07518
  pitch: -0.0072435765
money: '25.0'
