lastAccountName: ShortyDev
timestamps:
  login: 1723928368601
  logout: 1723652666316
ipAddress: 127.16.144.220
logoutlocation:
  world: world
  x: 0.038121107004448096
  y: 67.0
  z: -7.699999988079076
  yaw: -187.01215
  pitch: 5.5954933
money: '580.0'
lastlocation:
  world: orchestra
  x: 18.83906014346686
  y: 83.0
  z: 80.22016978980812
  yaw: 298.9613
  pitch: 79.61216
