lastAccountName: ShortyDev
timestamps:
  login: 1723929114202
  logout: 1723929176651
ipAddress: 127.16.144.220
logoutlocation:
  world: world
  x: 17.348635744421436
  y: 68.0
  z: -8.557474576753467
  yaw: 83.11338
  pitch: 8.745499
money: '580.0'
lastlocation:
  world: orchestra
  x: 18.83906014346686
  y: 83.0
  z: 80.22016978980812
  yaw: 298.9613
  pitch: 79.61216
