lastAccountName: ShortyDev
timestamps:
  login: 1723251107007
  logout: 1723251109857
ipAddress: 127.16.144.220
logoutlocation:
  world: world
  x: -18.303580026683118
  y: 68.5
  z: 0.8308718661833125
  yaw: -83.691124
  pitch: 8.4458475
