lastAccountName: ShortyDev
timestamps:
  login: 1723928368601
  logout: 1723652666316
ipAddress: 127.16.144.220
logoutlocation:
  world: world
  x: 0.038121107004448096
  y: 67.0
  z: -7.699999988079076
  yaw: -187.01215
  pitch: 5.5954933
money: '265.0'
lastlocation:
  world: hollow
  x: -63.69999998807907
  y: 66.0
  z: -20.693655994670273
  yaw: -225.77893
  pitch: -7.9164157
