lastAccountName: OG_Ninja_Gamer
timestamps:
  login: 1611779263037
  logout: 1611780398055
ipAddress: 73.24.224.46
money: '355.0'
logoutlocation:
  world: world
  x: 26.763661348604337
  y: 28.0
  z: 2.8537814937754433
  yaw: -27.336792
  pitch: 19.191698
lastlocation:
  world: world
  x: 238.44762515097355
  y: 51.0
  z: 1318.96507152817
  yaw: 139.14627
  pitch: 0.44997287
