lastAccountName: cooljoebob
timestamps:
  login: 1609805338351
  logout: 1609809448620
ipAddress: 192.168.0.72
money: '1245.0'
logoutlocation:
  world: world
  x: 242.93449751981026
  y: 52.0
  z: 1343.9328222352563
  yaw: 167.2281
  pitch: 14.491275
