lastAccountName: Lil_Twisted_6
timestamps:
  login: 1612912663093
  logout: 1612914159421
ipAddress: 71.228.145.85
logoutlocation:
  world: Aquarius
  x: 22.5
  y: 56.0
  z: -40.5
  yaw: -1.8000054
  pitch: 17.549995
money: '590.0'
lastlocation:
  world: Aquarius
  x: 39.01123198182589
  y: -64.81558662098496
  z: -16.70933565889498
  yaw: -299.25043
  pitch: -74.849915
