lastAccountName: drdeathdefying
timestamps:
  login: 1618097145384
  logout: 1618098301189
ipAddress: 192.168.0.60
money: '560.0'
logoutlocation:
  world: world
  x: 2.117423161712376
  y: 66.0
  z: -3.242016475309641
  yaw: 254.4933
  pitch: 20.141829
