lastAccountName: Ninja481
timestamps:
  login: 1612827559066
  logout: 1612827671984
ipAddress: 73.24.224.46
logoutlocation:
  world: world
  x: 1.1429667681036657
  y: 41.0
  z: 12.808911590256283
  yaw: -28.991371
  pitch: 25.304829
money: '320.0'
